aspect,aspect_vecs,cluster_main_vecs
駐車場,"[-0.2285      0.07669999  0.6989      0.1576      0.11939999 -0.1911
 -0.3615      0.0327     -0.1631      0.168       0.0366      0.2116
 -0.09019999  0.14570001 -0.30040002  0.5134      0.0509     -0.25280002
 -0.2684      0.0633     -0.2028      0.2115     -0.1121      0.2291
 -0.1947      0.0514      0.0495     -0.0069      0.2601     -0.33749998
 -0.22       -0.3587     -0.1888     -0.4161      0.1198     -0.2549
  0.0108     -0.0442     -0.2324      0.1051     -0.4303      0.29689997
 -0.0115      0.3614     -0.77619994 -0.1234      0.46969998  0.3566
 -0.18        0.72       -0.3821      0.0037      0.0486      0.77400005
  0.07009999 -0.4633      0.2977     -0.3789      0.2529     -0.41979998
 -0.0801     -0.37980002 -0.38700002  0.0763      0.1561     -0.0545
  0.1204      0.1438      0.1056      0.252       0.2296      0.0439
  0.0769      0.11350001 -0.0175     -0.1929     -0.1685     -0.0898
 -0.3875     -0.08130001 -0.4019     -0.13030002 -0.2149      0.0303
 -0.36870003  0.2389     -0.3133      0.3754      0.0181     -0.29470003
 -0.34309998  0.223      -0.2201      0.5861      0.24270001 -0.0693
 -0.2824      0.0112     -0.1437      0.1114      0.187       0.767
  0.1004      0.5389      0.0462      0.1186     -0.1689      0.0951
 -0.2476      0.2105     -0.8284     -0.3539      0.48510003 -0.1929
  0.2148     -0.1367      0.11799999  0.62039995  0.3872      0.0726
 -0.0704     -0.0478     -0.0557     -0.0836     -0.3372     -0.0042
 -0.0423     -0.686      -0.0891     -0.086       0.0913     -0.3072
  0.1799     -0.1694      0.0581      0.04570001  0.1962      0.23499998
 -0.1274     -0.15370001 -0.5625      0.14029999  0.16440001 -0.2286
  0.5004      0.47190002 -0.0115      0.0431     -0.0731     -0.464
  0.1927      0.201       0.4526     -0.3353      0.73859996 -0.3229
 -0.2304      0.22670001  0.0095      0.45520002  0.2655     -0.2996
 -0.4922     -0.5071      0.1083     -0.0169     -0.1304     -0.2507
 -0.0097      0.1715      0.2633     -0.25190002 -0.19839999 -0.3725
  0.59860003  0.1289      1.0554     -0.1378     -0.05719999  0.2301
 -0.4707      0.0821     -0.1103      0.566      -0.1814      0.1076
  0.2424      0.2704      0.31620002 -0.3333     -0.3858      0.3301
  0.698       0.3685      0.0137     -0.1972      0.0322      0.1206
  0.2579      0.1493      0.0909      0.0223      0.8405     -0.6201
  0.18280001 -0.3634      0.1736      0.2263      0.0402     -0.4131
 -0.6048      0.2134      0.0239      0.05309999 -0.6244     -0.5067
  0.1173     -1.6861     -0.2975     -0.7343      0.10770001  0.0783
  0.745       0.0943      0.6228     -0.1041     -0.448      -0.1252
  0.40649998  0.0883      0.2535      0.0598     -0.5316     -0.2953
 -0.1152     -0.534      -0.6428      0.08409999  0.06550001 -0.1161
 -0.0638     -0.3332      0.388      -0.7501     -0.1504     -0.6062
 -0.4748     -0.1035      0.0346     -0.88089997 -0.20050001 -0.7305
  0.18       -0.1162     -0.0315      0.74660003 -0.0873     -0.034
  0.20470001  0.3569      0.31919998 -0.2553     -0.2572      0.1099
 -0.0933     -0.419       0.13800001 -0.262      -0.10339999 -0.1943
  0.3875     -0.1028      0.0848     -0.21339999  0.11310001 -0.3479
  0.2086      0.57809997 -0.3697      0.5028     -0.0154      0.2681
 -0.14119999  0.3359      0.5202     -0.6317     -0.7185     -0.1377
 -0.0433      0.34600002  0.5983      0.118      -0.4691      0.8512
 -0.61609995 -0.4329      0.0662      0.45700002  0.46170002  0.49670002]","[-2.47249996e-01  1.10599996e-01  8.53016663e-01  1.09366670e-01
  2.65666664e-01 -1.98150000e-01 -2.18883335e-01 -7.69833264e-02
 -2.50049999e-01  1.69849995e-01  1.52783328e-01  3.08099997e-01
 -1.14016663e-01  1.91383338e-01 -4.15883331e-01  5.44916671e-01
 -1.91166674e-02 -4.15050008e-01 -3.18600011e-01  7.88166677e-02
 -1.16450003e-01  9.28500046e-02 -2.47549996e-01  2.37133335e-01
 -1.12699992e-01  3.02200002e-01  9.42000017e-02  1.00450002e-01
  3.32100007e-01 -2.53066660e-01 -9.37833339e-02 -3.34883327e-01
 -9.13166665e-02 -4.40683328e-01  1.07650000e-01 -5.96499991e-02
 -2.48833351e-02  1.76999985e-02 -1.32733342e-01  1.65816663e-01
 -6.10133317e-01  3.49116660e-01  3.91666666e-02  3.26966673e-01
 -7.16716638e-01 -1.51333329e-01  4.39499997e-01  1.71000001e-01
 -2.35033331e-01  8.03883335e-01 -2.37633338e-01 -3.16166687e-02
 -9.63333156e-03  6.57450015e-01 -6.47000062e-02 -4.64133337e-01
  3.76683334e-01 -2.73900011e-01  1.67900004e-01 -2.52366665e-01
 -4.29999988e-02 -3.77866673e-01 -4.61416674e-01  1.67033331e-01
  1.78949999e-01  4.72666714e-02  9.00333310e-02  1.05533336e-01
 -2.87633337e-01  4.32100003e-01  1.68533334e-01  1.48433329e-01
 -3.45000004e-03 -6.49994860e-04 -1.77499990e-02 -3.25166662e-01
 -9.24333310e-02 -2.33049999e-01 -4.95766672e-01  8.71666490e-03
 -4.13200006e-01 -9.06333374e-02 -3.02416667e-01  1.33366660e-01
 -3.54433343e-01  2.91933338e-01 -2.73583332e-01  3.79916672e-01
 -2.65000310e-03 -3.74950012e-01 -3.73299989e-01  4.32483338e-01
 -2.19333334e-01  6.10483334e-01  4.71033331e-01 -1.72333336e-01
 -3.59466670e-01 -7.48666652e-02 -1.64499995e-01 -5.83999978e-02
  5.06666688e-02  9.60083346e-01  9.38666685e-02  5.92200007e-01
  2.07766668e-01  3.61683337e-01 -1.51950002e-01  1.34650002e-01
 -1.28150006e-01  1.85883336e-01 -8.43399992e-01 -2.47599989e-01
  5.60950012e-01 -1.91933333e-01  1.23316669e-01 -9.11000051e-02
  8.24999406e-03  6.81266651e-01  4.81933342e-01 -2.33833324e-02
 -1.00416666e-01  5.11499986e-02 -5.19666656e-02 -8.25166639e-02
 -2.99816659e-01 -1.58500002e-01  1.46633338e-01 -7.53583324e-01
  3.95666706e-02 -1.60399997e-01  8.82500031e-02 -1.13250001e-01
  5.55666685e-02 -2.74633338e-01 -3.52999978e-02 -8.33333284e-02
  1.66033336e-01  7.82333263e-02 -1.06933330e-01 -8.29833419e-02
 -5.80183333e-01  2.97566662e-01  3.77016670e-01 -2.73366669e-01
  6.88150010e-01  2.93616678e-01 -1.56833374e-02  6.66666698e-02
 -1.20683335e-01 -4.26166669e-01  2.28783335e-01  1.83566665e-01
  3.72316668e-01 -2.21400004e-01  8.90299976e-01 -4.33833340e-01
 -1.51283330e-01  3.69566667e-01 -1.67000044e-02  3.73566681e-01
  2.90400003e-01 -3.88850007e-01 -6.87183322e-01 -6.72616670e-01
  1.07633334e-01 -2.15216664e-01 -2.30516668e-01 -1.92816662e-01
  1.14000007e-01  5.79666601e-02  3.03316664e-01 -2.23433337e-01
 -1.68666659e-01 -4.36983337e-01  4.34833352e-01  2.00483337e-01
  9.10733320e-01 -2.44666630e-02 -8.06833257e-02  2.82916670e-01
 -3.73683341e-01  2.51250001e-01 -1.18449999e-01  3.75333320e-01
 -1.66566663e-01  1.15500004e-01 -1.27999932e-02  4.32666667e-01
  3.06050001e-01 -2.37699996e-01 -2.77816668e-01  3.28583332e-01
  6.58266691e-01  2.92149996e-01 -2.33999994e-02 -2.41966668e-01
  5.72833338e-02 -2.44166694e-02  3.58216670e-01  2.00999972e-02
 -2.21333324e-02  8.90833400e-02  8.08399995e-01 -7.33666668e-01
  2.11716670e-01 -3.87700003e-01  1.40800011e-01  3.16250000e-01
 -1.25000036e-03 -3.55166671e-01 -5.53166654e-01  9.37000035e-02
 -6.11666654e-02  1.24816662e-01 -3.73633338e-01 -4.87683328e-01
 -3.59999420e-03 -2.28488334e+00 -1.28883332e-01 -6.60700015e-01
  1.10200003e-01  1.34500001e-02  6.90399977e-01  7.51667035e-03
  6.07449997e-01 -1.59300001e-01 -4.54499999e-01 -1.84149999e-01
  4.48616664e-01  6.95500028e-02  3.31816669e-01  1.06149997e-01
 -7.05866664e-01 -3.73033325e-01 -6.95833359e-02 -4.83116659e-01
 -7.93066656e-01  2.92916663e-01  1.28316672e-01 -1.59433331e-01
 -1.77766671e-01 -1.70250007e-01  3.55366668e-01 -1.02111666e+00
  4.25833326e-02 -7.99766675e-01 -4.93866670e-01 -2.47200006e-01
 -3.55833326e-02 -6.80316646e-01 -2.77350004e-01 -9.12200013e-01
  3.39100001e-01 -2.52333395e-02  3.55833353e-02  8.10683329e-01
 -8.29666679e-02 -8.21166644e-02  2.33850008e-01  4.41283343e-01
  3.65949994e-01 -2.70666664e-01 -3.24483329e-01  1.59566669e-01
 -1.51833327e-01 -1.74366664e-01  2.40500002e-01 -2.50450000e-01
 -1.64566661e-01 -1.56433332e-01  1.95833334e-01 -7.36999977e-02
  8.28000031e-02 -2.02999935e-02  2.40616673e-01 -3.30766677e-01
  1.20500002e-01  6.28966661e-01 -4.09933332e-01  4.00750015e-01
  2.67916676e-01  2.77933329e-01 -3.61949996e-01  4.45799997e-01
  5.91950009e-01 -6.22300001e-01 -6.91583348e-01 -8.75166657e-02
 -1.11449998e-01  1.53400006e-01  6.12916672e-01 -2.02166637e-02
 -3.91099989e-01  6.66500015e-01 -4.30883319e-01 -4.28233344e-01
  8.39166642e-02  5.45650003e-01  4.92216674e-01  3.49100017e-01]"
大人,"[ 0.1731 -0.1011  0.1517  0.0138  0.0076 -0.0241  0.1676  0.0832 -0.225
  0.1797  0.0738  0.1535  0.0227  0.5734 -0.4137 -0.1824 -0.3856  0.0982
 -0.1115  0.3426  0.0059  0.2499 -0.0976 -0.0353 -0.0588 -0.0709  0.2304
 -0.0906 -0.0199  0.2895  0.1626  0.085  -0.2908 -0.089   0.1998  0.0248
  0.3262  0.0916  0.1427  0.0355  0.0028  0.1182 -0.1274  0.1388  0.1386
 -0.172   0.1578 -0.0105 -0.1911  0.2327  0.2398 -0.0139  0.0403 -0.2437
  0.0655  0.0865  0.0615 -0.0796 -0.2026  0.0971  0.0629 -0.0345 -0.1909
 -0.042  -0.0226  0.0054 -0.0127 -0.0362 -0.3421 -0.092   0.0329  0.1734
 -0.0855  0.1527 -0.1341 -0.3197  0.0012  0.0398 -0.1036 -0.205   0.1995
  0.0454 -0.2267 -0.087   0.1298 -0.0769  0.0686 -0.0125  0.1131  0.0963
  0.0508  0.0412  0.0585 -0.0319  0.2721  0.1763 -0.2597  0.1359  0.0045
  0.2175 -0.2227  0.3082  0.1533  0.038  -0.0999  0.5585 -0.0227  0.0424
  0.161  -0.0567  0.1732  0.0149 -0.0356 -0.0187  0.0142  0.0367 -0.1072
 -0.0304 -0.0028 -0.0701 -0.1132  0.0341  0.2109 -0.2802  0.0554  0.0242
 -0.0222  0.0381 -0.0741  0.0436  0.0158 -0.1143 -0.031   0.0922  0.1264
 -0.0505  0.0111 -0.0011  0.2669  0.012  -0.1077 -0.0813  0.2024  0.2508
  0.1971 -0.0544 -0.0904  0.0042  0.1607  0.0629 -0.0024 -0.0614 -0.0018
 -0.1203  0.0599  0.1304 -0.1258  0.0742  0.2907 -0.0873  0.0291 -0.1456
 -0.1729  0.4298 -0.1166  0.0279 -0.0925 -0.2157 -0.1003  0.1395  0.1242
 -0.1823  0.1636  0.1429  0.1972 -0.2261 -0.117   0.128   0.0526  0.1361
 -0.0105  0.0689 -0.1542  0.0461 -0.0211 -0.1327 -0.1196  0.1019 -0.1808
  0.2014 -0.0455  0.0526  0.0381  0.1971  0.1978 -0.3044 -0.0447 -0.1522
  0.0527 -0.0332 -0.1118 -0.0469  0.2989 -0.012  -0.0836 -0.1722  0.0667
 -0.1977  0.2995  0.207   0.1816  0.0273 -0.2363 -0.0849 -0.022   0.1029
 -0.0315 -0.738   0.0061 -0.223  -0.0618 -0.186  -0.025  -0.2067 -0.0327
 -0.194   0.1151 -0.2363  0.0649 -0.0334  0.0704 -0.0348 -0.3687 -0.4452
  0.161  -0.0876 -0.4069  0.3007  0.2097 -0.1531 -0.2294 -0.3409  0.166
 -0.2294 -0.0411 -0.1085 -0.1968  0.0351  0.2064  0.0077  0.1252 -0.3671
  0.1027 -0.2223 -0.0229  0.1119 -0.2834 -0.0415  0.0758  0.119  -0.0875
 -0.1811 -0.1829 -0.0721 -0.1445 -0.0903  0.1834 -0.0011 -0.2304 -0.1407
  0.1241  0.0524  0.0312  0.5365  0.1594  0.1393  0.0054 -0.0508 -0.0837
 -0.2577  0.0289  0.028   0.1306  0.3498 -0.1899 -0.0047 -0.0879  0.1419
  0.1076  0.0947 -0.11   -0.229  -0.4648 -0.0323 -0.0698 -0.1531  0.3291
  0.1231 -0.1856 -0.1883]","[ 0.45293331 -0.1858      0.21673334  0.03953333  0.01866667  0.08373333
  0.20293334 -0.04646666 -0.1898      0.17113333  0.10466667  0.051
 -0.00526667  0.63486667 -0.57106668 -0.2394     -0.307       0.04553333
 -0.14133334  0.42966666  0.0438      0.293      -0.26566667 -0.0778
  0.07873333 -0.04533333  0.18626666 -0.1004     -0.0866      0.3472
  0.1788      0.21226667 -0.40833334 -0.13386667  0.21373334  0.01566667
  0.36200001  0.21326667  0.08113333  0.0768      0.0012      0.1604
 -0.13206666  0.22846666  0.30773335 -0.17246667  0.13706667  0.0066
 -0.15153334  0.19806667  0.22480001  0.07266667 -0.01073333 -0.12406667
  0.1862      0.12113333  0.04893333 -0.16493333 -0.13646667  0.02386667
  0.0336     -0.02973333 -0.27486666  0.03206667  0.0786     -0.06586667
  0.01013333 -0.16613333 -0.30186666 -0.0538     -0.05246666  0.10713333
 -0.00226667  0.24400001 -0.17866667 -0.41073334 -0.10826667  0.11313333
 -0.0818     -0.14193333  0.10833333  0.07546667 -0.27613333 -0.01626666
  0.1384     -0.16779999 -0.04493334 -0.02686667  0.0858      0.05946667
  0.034       0.19053333  0.04273333 -0.0234      0.22313334  0.24493334
 -0.37106667  0.1378     -0.0716      0.194      -0.27613333  0.46553334
  0.15766667 -0.08486667 -0.03826667  0.76180001 -0.03166667  0.06626667
  0.22866666 -0.17053333  0.0944     -0.01326667 -0.03266667  0.031
  0.01753333 -0.0958     -0.1156     -0.07346667 -0.0484     -0.08006667
 -0.09786667  0.04926667  0.2374     -0.28133334 -0.0298      0.09733333
 -0.20626667 -0.01633333 -0.19146667  0.08446667  0.0398     -0.15313333
 -0.0084     -0.08799999  0.12966666 -0.0218      0.0772     -0.01886667
  0.16666667  0.03733333 -0.08713333 -0.0722      0.16426667  0.20153334
  0.305      -0.0488     -0.13053334 -0.0058      0.19746666  0.15166667
 -0.0166     -0.08366666  0.01413333 -0.07986667  0.09153333  0.0344
 -0.09066667  0.0966      0.38946666 -0.1298     -0.01       -0.1172
 -0.12593334  0.57273334 -0.11873333 -0.0518     -0.2216     -0.33720001
 -0.14093333  0.09946667  0.20733334 -0.107       0.07913333  0.20580001
  0.15206667 -0.24033333 -0.11913333  0.109       0.12706666  0.17806666
 -0.10106667  0.21326666 -0.14653334 -0.027      -0.05306667 -0.14633333
 -0.11133333  0.0524     -0.12933334  0.05693333 -0.0742     -0.02466666
  0.1262      0.25673333  0.29246666 -0.282      -0.05186667 -0.18006667
 -0.00606667 -0.0198     -0.11533333  0.04633334  0.18320001  0.1284
 -0.15026667 -0.27839999  0.06726667 -0.20753333  0.3478      0.22866667
  0.15586667  0.04493333 -0.25306667 -0.03506667 -0.12926667  0.25373334
 -0.1544     -0.994       0.08506667 -0.20673334 -0.05466667 -0.22066667
  0.01486667 -0.25906666 -0.0568     -0.27373334  0.144      -0.16273334
  0.01813333 -0.0596      0.0592     -0.12286667 -0.53253333 -0.48379999
  0.05506667 -0.1852     -0.43559999  0.24900001  0.37226666 -0.05886666
 -0.27666666 -0.31093333  0.17126666 -0.2628     -0.0842     -0.1244
 -0.2276      0.19713333  0.2082     -0.02173333  0.1006     -0.50100001
  0.03013333 -0.15353333 -0.04133333  0.0128     -0.24926666 -0.11593334
  0.16193333  0.18333334  0.01613333 -0.10806666 -0.27966666 -0.1598
 -0.07033333 -0.02953333  0.2042     -0.0518     -0.30599999 -0.17073333
  0.07146667 -0.03046667  0.1356      0.52373332  0.16933333  0.07826667
  0.13026667  0.0882     -0.1474     -0.39793332 -0.0668      0.147
  0.0902      0.24459999 -0.11973333 -0.09633333 -0.14913333  0.1174
  0.19113334  0.0784     -0.13346667 -0.26333333 -0.492      -0.15806666
 -0.1412     -0.24673333  0.23340001  0.1756     -0.0044     -0.2088    ]"
子供,"[ 5.063e-01 -1.776e-01  1.734e-01  4.550e-02  2.040e-02  1.497e-01
  1.368e-01 -1.529e-01 -5.970e-02  7.700e-02  8.320e-02 -7.700e-02
 -3.060e-02  3.789e-01 -4.429e-01 -1.767e-01 -7.490e-02 -2.990e-02
 -1.005e-01  3.019e-01  5.980e-02  1.896e-01 -3.009e-01 -8.140e-02
  1.769e-01  2.900e-03  4.900e-02 -6.000e-02 -1.100e-01  2.313e-01
  1.056e-01  2.334e-01 -3.217e-01 -1.118e-01  1.208e-01 -1.300e-03
  2.168e-01  2.283e-01 -2.100e-02  7.970e-02 -1.000e-03  1.224e-01
 -7.070e-02  2.039e-01  3.230e-01 -8.670e-02  4.780e-02  2.040e-02
 -3.620e-02  6.440e-02  9.740e-02  1.229e-01 -5.640e-02  5.760e-02
  2.138e-01  9.520e-02  1.190e-02 -1.678e-01 -2.100e-03 -6.130e-02
 -1.250e-02 -1.010e-02 -2.214e-01  9.010e-02  1.405e-01 -1.042e-01
  2.790e-02 -2.130e-01 -1.107e-01  1.130e-02 -1.116e-01 -1.270e-02
  8.210e-02  2.133e-01 -1.339e-01 -2.964e-01 -1.636e-01  1.299e-01
 -1.910e-02 -7.900e-03 -3.700e-02  6.780e-02 -1.875e-01  6.260e-02
  7.780e-02 -1.748e-01 -1.360e-01 -2.780e-02  1.560e-02 -7.100e-03
  2.000e-04  2.446e-01  5.600e-03 -3.200e-03  6.260e-02  1.911e-01
 -2.969e-01  7.080e-02 -1.119e-01  7.350e-02 -1.915e-01  3.901e-01
  8.320e-02 -1.653e-01  4.250e-02  5.842e-01 -2.480e-02  5.700e-02
  1.820e-01 -1.991e-01 -3.160e-02 -3.480e-02 -1.340e-02  6.520e-02
  1.210e-02 -1.804e-01 -6.620e-02 -7.980e-02 -6.980e-02 -5.000e-02
 -3.360e-02  3.980e-02  1.452e-01 -1.418e-01 -1.001e-01  1.218e-01
 -2.872e-01 -6.260e-02 -2.131e-01  8.310e-02  4.390e-02 -1.154e-01
  1.840e-02 -2.242e-01  6.810e-02  1.780e-02  1.047e-01 -2.720e-02
 -1.690e-02  4.400e-02 -2.300e-02 -2.700e-02  4.400e-02  5.150e-02
  2.604e-01 -1.880e-02 -1.054e-01 -1.290e-02  1.355e-01  1.646e-01
 -2.250e-02 -6.410e-02  2.300e-02  5.000e-04  7.740e-02 -7.880e-02
 -1.020e-02  7.070e-02  2.935e-01 -1.074e-01 -4.410e-02 -3.020e-02
 -1.600e-02  4.293e-01 -6.150e-02 -1.056e-01 -2.399e-01 -2.901e-01
 -1.111e-01  9.700e-03  1.868e-01  2.180e-02 -4.490e-02  1.658e-01
  3.090e-02 -1.344e-01 -6.170e-02  3.550e-02  1.380e-01  1.310e-01
 -1.411e-01  2.510e-01 -6.560e-02 -8.660e-02 -5.850e-02 -8.680e-02
 -4.740e-02 -2.330e-02 -1.320e-02 -1.160e-01 -6.580e-02 -8.960e-02
  1.512e-01  1.880e-01  2.409e-01 -1.186e-01 -3.310e-02 -1.179e-01
 -6.180e-02  3.500e-03 -6.120e-02  1.164e-01 -2.410e-02  2.046e-01
 -1.418e-01 -2.454e-01  3.420e-02 -1.136e-01  2.222e-01  1.360e-01
  5.220e-02  4.010e-02 -1.433e-01  3.230e-02 -1.719e-01  2.777e-01
 -2.001e-01 -7.530e-01  1.215e-01 -8.710e-02 -2.020e-02 -1.450e-01
  4.730e-02 -1.819e-01 -5.250e-02 -2.166e-01  1.009e-01 -7.800e-03
 -3.770e-02 -5.600e-02  1.840e-02 -1.495e-01 -4.301e-01 -2.805e-01
 -7.840e-02 -1.902e-01 -2.465e-01  7.280e-02  3.487e-01  6.480e-02
 -1.856e-01 -1.255e-01  9.090e-02 -1.648e-01 -8.520e-02 -7.810e-02
 -1.446e-01  2.606e-01  1.059e-01 -4.030e-02  2.570e-02 -3.844e-01
 -5.750e-02 -8.000e-03 -3.910e-02 -9.270e-02 -9.050e-02 -1.324e-01
  1.671e-01  1.560e-01  1.117e-01  1.900e-02 -2.366e-01 -1.676e-01
  3.900e-02  4.600e-02  1.229e-01 -7.660e-02 -2.286e-01 -1.154e-01
 -1.690e-02 -9.810e-02  1.722e-01  2.491e-01  9.460e-02 -2.190e-02
  1.900e-01  1.831e-01 -1.374e-01 -3.392e-01 -1.291e-01  1.925e-01
  4.700e-03  1.710e-02  1.030e-02 -1.398e-01 -1.358e-01  3.420e-02
  1.791e-01  2.290e-02 -9.020e-02 -1.660e-01 -2.732e-01 -2.048e-01
 -1.420e-01 -2.170e-01  2.100e-02  1.403e-01  1.790e-01 -1.249e-01]","[ 6.74266656e-01 -2.95666661e-01  7.41933331e-01  2.29933331e-01
 -5.44000007e-02  1.44400003e-01  3.25733336e-01 -1.44166663e-01
 -2.14933333e-01  1.24766666e-01  1.07400002e-01 -9.09666674e-02
  9.91333380e-02  4.37966662e-01 -7.81099995e-01 -2.54599998e-01
 -6.65000017e-02 -1.59933330e-01 -3.83866668e-01  3.13200002e-01
  1.13099998e-01  2.45466668e-01 -7.09966674e-01 -9.85333361e-02
  2.14433330e-01 -3.89333329e-02 -2.53333400e-03 -1.23999988e-02
 -2.33000000e-01  2.57166664e-01  6.20000027e-02  2.55666667e-01
 -3.58600006e-01 -1.69066668e-01  1.55233336e-01  1.68666663e-02
  3.43000000e-01  1.47966673e-01  3.77666615e-02  1.54533335e-01
 -5.00000385e-03  1.75100001e-01 -1.35966664e-01  1.07633330e-01
  3.80166673e-01  1.44799996e-01 -7.03333380e-03  1.01199999e-01
 -7.53000031e-02 -4.40000004e-02  1.43800002e-01  8.96999991e-02
 -2.05466665e-01 -5.55999999e-02  1.86533334e-01  1.46333337e-01
 -8.12666627e-02 -4.02999992e-01 -2.64666663e-02 -1.54099996e-01
  1.23799999e-01 -1.55733331e-01 -2.37599990e-01  2.09133333e-01
  4.20999989e-01 -1.59533331e-01  1.57166663e-01 -1.60099999e-01
 -2.56566660e-01 -5.80666664e-02 -5.24666645e-02 -8.70000047e-03
  6.44666649e-02  2.87166667e-01  1.66333327e-02 -6.02133344e-01
 -1.72866666e-01  3.06233334e-01 -2.89266663e-01 -6.08000020e-02
 -1.81633333e-01 -4.35333382e-02 -2.42766665e-01 -1.06333296e-02
 -6.63333337e-02 -2.11966657e-01 -2.86733340e-01 -1.05666666e-01
 -3.14000001e-02  1.34933333e-01 -7.79333361e-02  2.86566665e-01
 -1.10166670e-01 -3.97000026e-02  2.78066672e-01  2.39566666e-01
 -4.42066664e-01  3.36333339e-02 -1.93733335e-01  1.47266666e-01
 -2.40799995e-01  8.28866680e-01  1.20400000e-01 -1.51700000e-01
  9.95000023e-02  7.24100014e-01 -7.79999917e-03  6.34666669e-02
  2.41199993e-01 -2.71933338e-01 -5.13833324e-01 -1.47300002e-01
  2.45333336e-02  7.23666687e-02 -1.60833341e-01 -2.40266666e-01
 -1.90600000e-01 -6.27666681e-02 -3.42333317e-02 -7.11666656e-02
 -1.75833331e-01 -5.90333367e-02  2.68599997e-01 -9.89333335e-02
 -7.86666622e-02  9.10666659e-02 -3.69766663e-01 -8.72333373e-02
 -5.30933340e-01  1.66399998e-01  8.42666676e-02 -2.06100002e-01
  5.99999987e-02 -1.86033330e-01  4.96999997e-02 -3.94166667e-01
  1.68566665e-01  1.98333338e-02 -1.54733331e-01  2.41433330e-01
 -2.08666666e-02 -2.26599995e-01  1.30800001e-01  3.25666663e-02
  5.17733331e-01 -3.85666670e-02 -1.86800001e-01  1.20033335e-01
  1.26866666e-01  4.30700004e-01 -5.23333251e-03 -8.56999929e-02
  9.92000016e-02 -5.36666504e-03  6.93666637e-02 -3.93333348e-02
  1.08899999e-01  8.71666636e-02  4.70400001e-01 -2.59500002e-01
 -1.91333339e-01 -6.31666668e-02  1.06666610e-03  8.34666689e-01
  2.75333350e-02 -9.54666665e-02 -3.46200001e-01 -2.66966671e-01
 -1.93233334e-01 -2.83999989e-02  7.28000005e-02  9.09666686e-02
 -4.55999961e-02  2.94899999e-01 -9.73333356e-03 -1.13833330e-01
 -2.01166673e-01 -2.07166663e-01  2.22699997e-01  2.46266666e-01
 -1.37000003e-01  3.89099990e-01 -1.63000000e-01 -5.79999971e-02
  3.86333329e-02 -2.31299994e-01  1.11733332e-01 -4.03333344e-02
  4.63333329e-02 -1.62799995e-01 -1.39233334e-01 -3.71333305e-02
  4.17333332e-01  2.50566664e-01  4.16433334e-01 -2.92833336e-01
 -1.75333336e-01 -4.55666669e-02 -1.80999994e-01 -1.12999997e-02
  2.74999986e-02  1.22233337e-01 -1.09899999e-01  3.44266673e-01
 -2.66233332e-01 -4.04233331e-01  1.13566671e-01 -3.00499996e-01
  2.08466671e-01  1.64300006e-01 -3.89999946e-02  6.02666661e-02
 -3.58366663e-01 -2.50000134e-03 -5.73633338e-01  1.09233335e-01
 -3.87100004e-01 -1.38266667e+00  4.18666676e-02 -1.37633332e-01
  5.83666634e-02 -2.49299997e-01  1.49333331e-02 -2.39066663e-01
 -6.01666669e-02 -4.11899999e-01  1.03866667e-01 -5.18333342e-02
 -2.01000012e-02  1.44666644e-02  2.60233334e-01 -1.41199999e-01
 -7.72566656e-01 -5.17433335e-01 -1.27466666e-01 -4.83999973e-02
 -5.48566659e-01  7.83333664e-03  5.03066664e-01  1.50733333e-01
 -2.83333328e-01 -9.78999948e-02  1.83799994e-01 -4.05966667e-01
 -1.95500006e-01 -3.64366675e-01 -2.90233339e-01  4.88866674e-01
  9.49666637e-02 -1.80333329e-01  1.03900000e-01 -6.57966673e-01
 -2.33333329e-01  1.05333331e-02  5.81999992e-02 -2.04133332e-01
 -1.17833332e-01 -1.32933338e-01  2.21866665e-01  1.43733338e-01
  1.70566663e-01 -3.63333287e-02 -1.15699996e-01 -5.26466670e-01
 -3.28333353e-02 -1.38433335e-01  4.52433333e-01 -1.17800001e-01
 -2.31366664e-01 -2.15433334e-01  8.58666698e-02 -1.28666672e-02
  3.29366659e-01  3.12699996e-01  9.75999956e-02 -5.55333321e-02
  2.20866666e-01  2.54533328e-01 -1.97599997e-01 -3.72766657e-01
  1.90266671e-01  1.31733331e-01  1.00133333e-01  7.81999988e-02
  2.56333329e-02 -1.23333330e-01 -2.55600005e-01  1.80333362e-02
  1.38600003e-01 -2.91999998e-02 -7.37333354e-02 -4.21166668e-01
 -6.12533340e-01 -3.95133331e-01 -5.53333337e-02 -1.76233329e-01
  3.55666665e-02  1.52900005e-01  1.10633337e-01 -4.75233331e-01]"
透明感,"[-3.61799985e-01  2.13499993e-01  1.03390002e+00  2.00300008e-01
  4.60000001e-02 -3.70000005e-01  9.38000008e-02 -4.73000035e-02
 -3.27399999e-01  6.66000009e-01  2.91500002e-01  2.55299985e-01
 -9.39999893e-03 -5.56900024e-01  1.39999390e-03  2.36200005e-01
 -2.64899999e-01 -2.39900008e-01 -2.10600004e-01  3.46000008e-02
  1.29899994e-01 -4.54500020e-01  2.05500007e-01 -1.29100010e-01
  2.15799987e-01 -1.94700003e-01  1.14199996e-01  2.28599995e-01
 -1.96099997e-01  6.13000020e-02 -2.29399994e-01  1.62799999e-01
 -2.32299998e-01 -2.32999995e-01  1.89199999e-01  2.12899983e-01
  3.14899981e-01  1.44199997e-01  3.07900012e-01 -8.22999999e-02
  2.55800009e-01 -1.05700001e-01 -5.05999997e-02  4.06000018e-02
 -9.08300042e-01 -3.62299979e-01  2.39999995e-01 -2.12399989e-01
 -4.03900027e-01 -3.42400014e-01 -3.99000049e-02 -2.10999995e-02
  8.08999985e-02 -2.65599996e-01  6.67999983e-02 -1.86000004e-01
 -3.01800013e-01  3.08499992e-01  2.36500010e-01  1.12100005e-01
 -8.61999989e-02 -4.90000099e-03 -2.66200006e-01  2.07800001e-01
  5.09999990e-02  2.94000022e-02 -1.79299995e-01 -1.86899990e-01
 -6.30800009e-01  2.07100004e-01  7.44899988e-01 -3.12399983e-01
 -3.96299988e-01  2.37200007e-01  6.43499970e-01 -5.70500016e-01
  3.90999988e-02  1.93800002e-01  1.85499996e-01  2.71700025e-01
  1.38600007e-01  7.21099973e-01 -4.07700002e-01  4.39999998e-03
  2.01399997e-01  1.03900000e-01  3.59000005e-02 -3.78600001e-01
  8.40000063e-02 -2.93799996e-01 -7.31000006e-02  9.77999941e-02
 -1.76499993e-01  1.55000001e-01  2.40999997e-01  2.94800013e-01
  5.75000048e-02 -1.94700003e-01 -2.57000029e-02 -6.46000057e-02
  2.86799997e-01  5.59599996e-01  3.05000007e-01 -5.33200026e-01
  2.37299994e-01  2.03000009e-02  2.85200000e-01  2.73499995e-01
 -4.24400002e-01 -4.17000018e-02 -6.14600003e-01 -9.21999961e-02
 -5.62099993e-01  2.33500004e-01  1.44340003e+00  9.47000012e-02
  1.52399987e-01 -2.05400005e-01  1.56300008e-01  8.52999985e-02
 -9.09999907e-02  1.14000008e-01  1.18000001e-01 -7.22000003e-02
 -3.67100000e-01  1.86000019e-02  1.26200005e-01  3.28500003e-01
  9.89999995e-03 -1.80999994e-01  2.41000000e-02 -3.54099989e-01
  3.97100002e-01  1.52300000e-01 -1.40100002e-01 -3.40300024e-01
  5.28800011e-01  1.91100001e-01  3.49900007e-01  2.30199993e-01
  2.80000009e-02 -4.89000008e-02  9.27000046e-02  2.76600003e-01
  5.14699996e-01 -1.26699984e-01  5.00199974e-01  3.08099985e-01
  5.82800031e-01 -1.09870005e+00 -4.09000032e-02  1.72299996e-01
 -3.82299989e-01 -3.86099994e-01 -1.76799998e-01  1.13200001e-01
 -5.37999980e-02 -8.94000009e-02  1.64700001e-01 -2.70300001e-01
  2.67199993e-01 -3.40099990e-01 -1.61699995e-01  6.43200040e-01
 -1.97999924e-02  5.90000302e-03  2.23000005e-01  1.88999996e-02
 -7.36999959e-02 -1.34000003e-01  4.40699995e-01  1.00099996e-01
  2.16400012e-01 -4.06100005e-01 -3.97999994e-02  7.89000094e-02
  5.50400019e-01 -2.88599998e-01  4.27500010e-01  7.64199972e-01
  3.14000025e-02  1.09500006e-01  2.00100005e-01 -4.69399989e-01
  4.70000133e-03 -2.19800010e-01 -1.74999997e-01  1.48800001e-01
 -3.22000012e-02  3.44399989e-01 -7.44000003e-02  2.25499988e-01
  1.89899981e-01 -1.18999965e-02  3.13400000e-01 -1.79000013e-02
 -4.41799998e-01  3.27199996e-01  1.29800007e-01 -1.63800001e-01
 -6.03799999e-01  5.94999976e-02 -5.60500026e-01 -1.01390004e+00
  7.89000019e-02 -2.39300013e-01  1.99999660e-03  3.09999660e-03
 -2.62600005e-01 -2.38100007e-01 -1.56599998e-01  1.54699996e-01
  1.27800003e-01 -2.80099988e-01  4.86600012e-01 -2.18000039e-02
  4.74200010e-01 -1.41919994e+00  2.29000002e-01 -3.23300004e-01
 -7.69000053e-02 -1.84699997e-01 -1.91999972e-02 -2.59900004e-01
  2.24699989e-01 -3.81000012e-01  4.08000015e-02  1.10999942e-02
  1.72600001e-01 -3.32199991e-01 -2.40000010e-01  1.23799995e-01
 -9.58299994e-01  1.45099998e-01  2.22499996e-01  2.04299986e-01
 -1.11640000e+00  1.74899995e-01  6.81999996e-02  6.15000010e-01
  1.11900002e-01  9.39000010e-01 -2.51800001e-01 -4.65799987e-01
 -9.79000032e-02 -1.03100002e-01 -5.70000038e-02  6.89100027e-01
  1.74199998e-01 -6.78400040e-01  3.09599996e-01 -9.02799964e-01
 -8.48999918e-02 -2.44300008e-01 -5.29999994e-02  5.31000018e-01
 -7.50899971e-01  7.75000006e-02  4.39400017e-01  1.08799994e-01
  4.37999964e-02 -3.16199988e-01  2.13900000e-01  1.03300005e-01
 -1.59199998e-01  6.56300008e-01  7.17100024e-01  2.31999997e-02
  1.90600008e-01 -1.66600004e-01  2.83200026e-01  1.28299996e-01
  7.99998641e-04  3.86399984e-01 -1.60300002e-01  1.44800007e-01
  2.02899992e-01  6.99000061e-02 -2.97699988e-01  6.55000061e-02
  5.50700009e-01 -4.47999984e-02 -7.33000040e-02  2.56399989e-01
  1.39299989e-01  3.59600008e-01  3.32000032e-02 -1.10000007e-01
 -1.30799994e-01 -2.19800010e-01 -1.66000009e-01 -3.11000012e-02
  7.48800039e-01  2.02699989e-01  1.29570007e+00  2.45299995e-01
 -2.78800011e-01  3.00899982e-01 -3.91300023e-01  8.82000029e-01]","[-2.06099998e-01  1.79033332e-01  8.39599992e-01  2.11099998e-01
 -4.32333325e-02 -2.47799994e-01  1.35099996e-01  2.92666651e-02
 -2.73066664e-01  3.74933342e-01  2.88166670e-01  1.55366662e-01
 -2.38666655e-02 -4.14999999e-01 -1.50300009e-01  1.61133336e-01
 -1.82299999e-01 -1.68633339e-01 -2.03166670e-01  6.01666663e-02
  2.93999935e-02 -3.60500005e-01  1.80466670e-01 -6.19333380e-02
  1.74833330e-01 -1.31633330e-01  2.40333329e-02  1.61366666e-01
 -1.21433335e-01  7.16000008e-02 -2.01066670e-01  9.18999982e-02
 -1.71966662e-01 -1.99699996e-01  9.98333320e-02  1.48399990e-01
  2.13033328e-01  1.11033334e-01  9.97999981e-02  9.26666334e-03
  2.16500006e-01 -2.29333304e-02 -1.50400005e-01 -2.83333330e-02
 -7.72800006e-01 -1.83566665e-01  1.39566662e-01 -1.38299998e-01
 -2.27766675e-01 -2.63533346e-01  4.49999670e-03  4.66668357e-04
  1.23733335e-01 -1.50999991e-01  3.24666654e-02 -1.64766669e-01
 -2.19199999e-01  2.82866664e-01  1.56300005e-01  9.43333361e-02
 -3.54333331e-02 -2.98000009e-02 -2.67800003e-01  1.04566672e-01
  7.54666639e-02  9.27666674e-02 -1.48899998e-01 -1.48833332e-01
 -5.82100004e-01  1.14333329e-01  4.53266678e-01 -2.86633323e-01
 -2.41266659e-01  1.11900007e-01  4.73633334e-01 -4.39566657e-01
  5.18333319e-02  1.63099997e-01  1.32000002e-01  2.77166672e-01
  5.04000013e-02  5.37833335e-01 -3.53066668e-01  3.94666642e-02
  1.76700001e-01  7.16666645e-02  5.67999985e-02 -2.23766666e-01
  1.27933331e-01 -2.03000046e-02  2.02666633e-02  1.48466664e-01
 -1.01133329e-01  1.26966667e-01  1.71000003e-01  1.59566672e-01
 -1.90333296e-02 -2.25033337e-01  4.77666644e-02 -3.07666690e-02
  2.48799997e-01  5.28166667e-01  2.49966667e-01 -3.14599997e-01
  1.35799994e-01  1.14500005e-01  2.06866667e-01  2.47866663e-01
 -1.87300006e-01  1.10666656e-02 -5.47266663e-01  1.36666720e-02
 -5.24966661e-01  2.19366668e-01  1.17643333e+00  2.16333320e-02
  1.50766664e-01 -1.75333334e-01  1.41333333e-01  6.61666642e-02
 -7.31333292e-02  3.47333383e-02  5.66666942e-03 -2.56000006e-02
 -2.54266674e-01 -1.01333335e-02  5.05000005e-02  2.24833336e-01
  9.55999978e-02 -1.62600000e-01  1.02999990e-02 -1.84633327e-01
  2.51766668e-01  1.18200002e-01 -8.76666655e-02 -3.71533339e-01
  3.78500007e-01  1.84400001e-01  2.57899996e-01  1.50599999e-01
  1.67333335e-02 -3.14000007e-02  8.47666680e-02  2.40666663e-01
  4.56966653e-01 -7.27333271e-02  2.30433329e-01  2.22466666e-01
  4.48133344e-01 -7.98666660e-01 -3.86666724e-03  5.24999971e-02
 -2.93799995e-01 -1.57166665e-01 -1.49266666e-01  9.58666665e-02
 -5.77333321e-02 -1.01666667e-01  7.85666679e-02 -8.84666691e-02
  1.56466672e-01 -2.82833323e-01 -1.68333335e-01  5.35833337e-01
 -3.46666202e-03 -4.33666638e-02  9.62666664e-02  1.00333334e-02
 -3.23999990e-02 -9.58000058e-02  2.90399996e-01  9.08666638e-02
  8.16000079e-02 -2.76266665e-01 -2.51666677e-02  7.17666734e-02
  3.93166660e-01 -1.18133335e-01  3.40099997e-01  5.59300003e-01
  6.47999998e-02 -1.44666623e-02  7.73000005e-02 -3.77933336e-01
 -5.30666647e-02 -1.60533339e-01  1.83666709e-02  1.84966670e-01
 -1.77666663e-02  3.04099994e-01 -8.51333334e-02  1.61399997e-01
  3.11033318e-01 -3.05333311e-02  2.31366668e-01  2.77333322e-02
 -2.65933320e-01  2.15800007e-01  1.12233333e-01 -6.98999998e-02
 -4.74433334e-01  6.83666663e-02 -4.50066676e-01 -7.70166675e-01
  7.48000002e-02 -1.98366669e-01  2.60333320e-02  2.82333307e-02
 -1.38300003e-01 -1.02200005e-01 -5.10666631e-02  3.35666637e-02
  7.38000025e-02 -3.09166660e-01  3.42933336e-01 -4.78000032e-02
  3.22766669e-01 -1.28553334e+00  1.93400005e-01 -2.69233335e-01
 -8.39000009e-02 -1.10866662e-01  5.22333334e-02 -1.26566669e-01
  1.72333327e-01 -2.45200003e-01  1.15000002e-01 -1.17666697e-02
  1.03966668e-01 -2.51366661e-01 -1.79266674e-01 -1.25266671e-01
 -7.77033354e-01  5.08333367e-02  1.89433337e-01  1.49466662e-01
 -8.39233336e-01  1.03700002e-01  9.70333355e-02  5.90033323e-01
  8.14666698e-02  6.24866674e-01 -2.04333331e-01 -4.74166666e-01
  5.60666670e-02 -1.22700002e-01 -9.12333354e-02  5.03633330e-01
  2.11899997e-01 -7.22200011e-01  1.67666669e-01 -7.68399999e-01
 -1.98566666e-01 -1.63266667e-01 -1.69999997e-02  4.11600001e-01
 -5.52433321e-01  8.27999998e-02  3.05800001e-01  9.51333313e-02
 -6.59000029e-02 -2.30433325e-01  1.57766668e-01 -2.83666661e-02
 -9.85999977e-02  5.69366667e-01  6.41533330e-01  1.29666664e-02
  1.07533333e-01 -1.36733340e-01  1.20266676e-01  3.74666688e-02
 -1.14333344e-02  2.89899995e-01 -1.43500001e-01  1.27700003e-01
  9.55666689e-02  5.79666694e-02 -1.42333334e-01 -1.52666606e-02
  4.21100007e-01 -5.30999980e-02 -8.44999999e-02  2.03866664e-01
  8.31666638e-02  2.35600005e-01 -5.37666665e-02 -1.28633339e-01
 -9.23666662e-02 -2.26833342e-01 -9.21666672e-02 -6.71333352e-02
  4.12633337e-01  7.46666584e-02  8.36933345e-01  1.24499996e-01
 -2.50800001e-01  2.80399993e-01 -2.17633339e-01  6.83800021e-01]"
シュノーケリング,"[-2.260e-02  2.080e-02  2.210e-02  3.440e-02  1.910e-02  3.180e-02
  1.700e-02 -3.730e-02 -5.870e-02  2.000e-02  1.250e-02  2.490e-02
 -4.750e-02 -8.500e-03 -2.350e-02  3.780e-02 -7.700e-03 -2.590e-02
 -2.120e-02 -2.000e-04 -1.500e-02  3.400e-03 -5.420e-02 -2.550e-02
  6.230e-02  4.000e-04 -5.490e-02  6.470e-02 -2.970e-02  3.820e-02
 -8.200e-03  1.780e-02  3.190e-02  8.000e-04 -3.730e-02 -5.600e-03
  1.400e-03 -3.700e-03 -2.730e-02  8.800e-03  5.900e-03  4.550e-02
  1.260e-02 -2.600e-03 -1.570e-02 -7.600e-03 -1.580e-02 -2.100e-02
  9.300e-03  5.000e-04  4.530e-02 -6.210e-02  6.600e-03 -3.510e-02
  4.280e-02  8.800e-03 -1.280e-02 -1.024e-01 -1.690e-02  2.800e-02
 -2.110e-02 -9.090e-02 -6.080e-02 -1.700e-02 -1.180e-02  3.020e-02
  3.030e-02 -1.810e-02 -3.920e-02 -7.000e-04  3.680e-02  3.520e-02
 -3.720e-02  3.540e-02  7.500e-03 -1.890e-02  2.500e-03 -1.670e-02
  1.420e-02  7.710e-02 -1.030e-02  9.120e-02  2.740e-02  1.160e-02
 -1.670e-02 -2.500e-03 -3.000e-04 -2.110e-02 -2.970e-02  1.960e-02
 -8.000e-04 -1.850e-02 -1.780e-02  2.610e-02  2.340e-02 -6.900e-02
 -2.820e-02 -7.900e-03 -2.820e-02 -5.540e-02  8.700e-03  4.130e-02
 -5.100e-03  1.260e-02 -1.110e-02  3.700e-02  3.580e-02  2.620e-02
 -2.620e-02  1.400e-03 -7.400e-03 -2.710e-02  3.380e-02  4.500e-02
 -4.700e-03  5.100e-03  6.390e-02  2.060e-02 -1.170e-02 -1.610e-02
  1.020e-02  1.320e-02 -9.300e-03 -3.270e-02 -4.260e-02  3.080e-02
 -1.890e-02 -1.400e-02  2.860e-02  4.820e-02  1.000e-04 -7.090e-02
  2.230e-02  5.200e-03 -2.570e-02  1.253e-01  3.090e-02 -3.880e-02
  5.550e-02  3.720e-02 -3.120e-02 -5.500e-03  5.260e-02  3.370e-02
 -5.000e-03 -1.720e-02  2.050e-02 -1.870e-02 -3.200e-02 -1.530e-02
 -5.900e-03 -8.100e-03  3.000e-03  2.170e-02  7.510e-02 -1.250e-02
  1.430e-02 -8.000e-03 -2.520e-02 -6.700e-03  4.850e-02  2.420e-02
 -3.260e-02 -1.070e-02 -7.480e-02 -9.450e-02 -2.920e-02  1.880e-02
  1.610e-02  1.980e-02  7.640e-02 -9.100e-03  1.780e-02  3.310e-02
 -1.700e-02  2.300e-03 -2.320e-02  2.900e-03  2.000e-04  3.860e-02
 -8.900e-03  1.750e-02  5.900e-03 -4.770e-02 -3.270e-02 -4.910e-02
 -9.200e-03  2.350e-02  7.530e-02  1.170e-02  6.400e-03 -2.440e-02
  1.950e-02 -3.040e-02  4.830e-02 -6.690e-02 -2.660e-02 -4.580e-02
  1.980e-02  1.330e-02 -5.300e-03  3.100e-03 -2.910e-02  4.280e-02
 -3.640e-02 -6.200e-03 -3.780e-02  7.610e-02  1.720e-02  8.500e-03
 -1.340e-02 -1.010e-02 -2.800e-02  4.160e-02 -4.500e-03  4.800e-03
 -3.240e-02 -1.924e-01  8.630e-02 -9.230e-02 -3.470e-02  6.000e-04
  6.700e-03  2.090e-02 -1.050e-02 -7.030e-02  6.670e-02 -2.960e-02
  3.590e-02 -5.250e-02 -4.530e-02 -2.490e-02 -6.720e-02  9.300e-03
  4.890e-02  1.000e-04 -6.800e-02  2.400e-03 -5.700e-03  7.100e-03
 -3.180e-02  5.180e-02  6.940e-02 -1.340e-02 -2.470e-02 -3.990e-02
 -2.060e-02 -1.200e-02  2.400e-03  6.970e-02  4.470e-02 -8.090e-02
 -7.700e-03  7.390e-02  2.720e-02 -7.800e-03  2.050e-02 -2.310e-02
  8.110e-02  7.420e-02 -3.000e-03 -2.990e-02 -3.600e-03  6.460e-02
  1.340e-02  3.110e-02  3.080e-02 -5.750e-02 -4.740e-02  3.980e-02
 -3.500e-03  1.500e-03  6.140e-02  6.470e-02  1.820e-02 -9.000e-04
 -2.760e-02  1.540e-02 -4.780e-02 -1.120e-02 -9.800e-03  3.550e-02
 -2.520e-02  4.130e-02 -1.130e-02  3.050e-02  1.680e-02  2.660e-02
  4.220e-02 -6.090e-02 -7.900e-03 -6.900e-03 -2.920e-02  2.620e-02
 -4.640e-02 -1.940e-02 -2.690e-02  5.000e-04 -1.700e-02 -3.180e-02]","[-1.62857098e-03 -3.79057138e-02  1.21860000e-01  2.02800001e-02
  9.57142824e-03  3.90342851e-02  3.54600002e-02 -2.57885713e-02
 -4.22314289e-02  5.18828572e-02  5.14542861e-02  3.62971425e-02
 -8.93142837e-03  9.80857158e-03 -7.21371420e-02  2.39714292e-03
 -6.73714283e-03 -1.39085716e-02 -7.23571427e-02  2.92914291e-02
 -8.45999982e-03 -9.37142679e-04 -6.44199997e-02 -4.08085716e-02
  2.96314283e-02  1.61085715e-02 -1.09942860e-02  5.61971432e-02
 -7.62857118e-04  2.93857147e-02 -4.14571417e-03  1.83342858e-02
  5.67142886e-03 -2.33628573e-02 -2.29142863e-03  2.76657142e-02
  3.46114288e-02 -1.81714329e-03 -9.61428616e-03  1.88685712e-02
 -5.24285718e-03  3.45228569e-02 -2.57428567e-03  2.75971428e-02
  5.25428603e-03 -4.55399998e-02 -2.10914288e-02  5.49142884e-03
 -1.66571442e-03  1.72085714e-02  8.65999970e-03 -4.00314290e-02
  8.12285698e-03 -5.71428581e-03  1.49428626e-03  1.06371425e-02
  5.30571443e-03 -3.89428571e-02  1.58914285e-02  1.68285702e-03
 -2.57657143e-02 -4.26885710e-02 -4.20085712e-02  7.90857123e-03
  3.28428576e-02  8.95428613e-03  1.36799998e-02 -1.69799998e-02
 -3.49085721e-02  5.39828570e-02  2.10800001e-02  4.17571424e-02
 -1.88542858e-02  3.66857143e-02  3.65142859e-03 -6.99685717e-02
  3.33428556e-03  1.86999994e-02 -5.62942850e-02  3.63971422e-02
  4.68000000e-03  2.53257144e-02 -4.69142873e-03  1.57342853e-02
 -6.67142805e-03  6.97999984e-03 -3.31971439e-02  3.89000005e-02
  1.15885713e-02 -1.18771433e-02 -2.80571398e-03  6.83428557e-03
 -1.31971434e-02  3.61400003e-02  2.44000002e-02 -3.61599997e-02
 -6.16200004e-02  3.34571425e-03  2.75714299e-03 -4.05714280e-03
  1.87828570e-02  1.03000000e-01  1.77457139e-02 -6.89714288e-03
  3.01142858e-02  1.00171429e-01  1.83771428e-02 -2.92771423e-02
 -2.10142859e-02  6.92857147e-03 -5.61885715e-02 -4.63999958e-03
  1.37828569e-02  1.95999999e-02  1.64257142e-02 -2.62685714e-02
 -3.47771424e-02  1.13685710e-02  1.98000000e-02 -5.89714326e-03
 -2.57057142e-02  7.74285676e-04  1.07828573e-02 -1.93942857e-02
 -8.87142860e-03 -9.62000033e-03  5.57142899e-04  1.75142840e-03
  1.17285716e-02  2.82885716e-02  8.17142939e-04  3.05714338e-03
  2.28457146e-02 -1.89314284e-02  1.07457143e-02  5.95200005e-02
  2.64285756e-03 -1.02800002e-02  3.95142880e-03 -3.19714314e-03
 -5.02571430e-03  2.56714289e-02  4.37371426e-02  1.08685716e-02
  5.89371432e-02  8.53714327e-03  4.20571432e-03  6.77714284e-03
 -1.41428571e-02 -1.16828571e-02  3.41085717e-02  1.86971428e-02
  2.80285748e-03  1.14771432e-02  9.09571430e-02 -5.82571404e-03
  2.29542860e-02  3.05514288e-02  1.59171428e-02 -4.52000000e-03
  6.50857177e-03 -1.45571429e-02 -3.00571427e-02 -2.06485713e-02
 -1.89314287e-02 -5.04771429e-02 -8.11428573e-02 -4.58085714e-02
  5.25142871e-03  5.15428640e-03  3.75399998e-02  2.41200002e-02
 -7.34000034e-03  3.24999996e-02 -1.80514286e-02 -8.33714260e-03
 -1.87085718e-02 -1.08571504e-04  6.12857147e-03  7.12285732e-03
 -2.24314287e-02  8.97142354e-04 -2.03057138e-02 -2.52285717e-02
 -3.17971428e-02 -3.36685714e-02 -1.66799997e-02  6.83999997e-02
  1.89257144e-02  6.67999962e-03 -4.01285716e-02  1.46857169e-03
  7.71171427e-02 -8.74571438e-03  5.72828573e-02 -2.35657141e-02
  7.32285730e-03 -4.68771429e-02  7.45999985e-03  2.53857141e-02
 -2.37799999e-02 -1.72914284e-02 -9.42857228e-04  5.37143421e-04
 -4.57457146e-02 -2.73942855e-02 -2.23742855e-02  4.03714282e-02
  3.87142865e-02  1.84571485e-03 -1.72314282e-02  2.97828572e-02
  1.72600000e-02  5.93714248e-03  1.18257148e-02 -1.05228569e-02
 -9.29714290e-03 -3.10788570e-01  3.35571421e-02 -3.99514287e-02
 -2.89257141e-02 -1.63628572e-02 -4.26000038e-03  3.67599998e-02
 -1.34914287e-02 -1.59057145e-02 -1.57714336e-03 -1.80285736e-03
  3.08285713e-02 -2.44771424e-02  2.28542860e-02 -1.63685714e-02
 -1.32065713e-01 -1.25142856e-02  8.09142874e-03  2.64285714e-03
 -1.34542857e-01 -1.05885711e-02  3.44914286e-02 -1.99857139e-02
 -2.14285703e-03  5.24571418e-03  4.64314281e-02 -8.17257144e-02
  1.41199997e-02 -7.45828577e-02 -4.45457146e-02 -1.69542855e-02
  1.45057144e-02 -3.43857128e-02 -9.05142897e-03 -1.41845714e-01
  3.27685713e-02  1.09771431e-02  1.74199998e-02 -2.49571429e-02
 -1.78599998e-02 -8.21142825e-03  4.67857145e-02  2.83971426e-02
  3.32999998e-02 -4.44342855e-02 -3.42257151e-02  1.35200004e-02
 -2.98314287e-02 -5.02571417e-03  7.46114282e-02 -3.02285719e-02
 -4.56199999e-02 -6.73999973e-03 -4.69428547e-03 -2.16142860e-02
 -1.32057138e-02  4.11857143e-02  1.40057144e-02 -3.81857142e-02
 -2.18771432e-02 -3.02000045e-03 -3.92857150e-02 -1.32057143e-02
  5.04857159e-03  7.09428560e-03 -3.30342862e-02  3.45114284e-02
  1.18885711e-02 -2.69599999e-02  4.30285722e-03  4.20571382e-03
  5.48857140e-03 -1.87885709e-02  5.94286275e-04 -3.58857143e-02
 -8.04542859e-02  2.80600000e-02 -5.92257134e-02 -3.71085709e-02
 -1.59857151e-02 -2.52371424e-02 -1.75000004e-02 -3.10000005e-02]"
ビーチ,"[-0.1079  0.0374  0.1908 -0.0471 -0.0404  0.0861  0.0882 -0.1005 -0.2247
  0.2244  0.0149  0.0448  0.0663 -0.0536 -0.0707  0.069   0.0429 -0.0562
 -0.0797  0.189   0.0093 -0.0829 -0.1769 -0.0871  0.0803  0.0253  0.1819
  0.0791 -0.0302 -0.0161  0.1136  0.039   0.049  -0.0226 -0.1182 -0.0045
  0.1488  0.0534 -0.1199 -0.0476  0.0166  0.2448  0.0403  0.1028  0.0303
 -0.1266 -0.0359  0.017   0.0593  0.2226 -0.0418 -0.0388 -0.0436  0.0191
  0.0133 -0.0485  0.149   0.0153  0.0936 -0.028  -0.1108 -0.0433 -0.1482
 -0.0554  0.1609  0.0855 -0.0123 -0.0836 -0.1846  0.0642  0.0721  0.1305
 -0.1679 -0.0642  0.0915 -0.1226  0.0212 -0.1142 -0.2179  0.1478  0.0629
  0.1297  0.1053  0.1294 -0.1598  0.1395 -0.1225 -0.0407 -0.1209 -0.0808
 -0.0928  0.0146 -0.0617  0.0826  0.1233 -0.0667 -0.1502  0.0079 -0.0295
 -0.0899  0.1688  0.079   0.0148 -0.0416 -0.0885  0.168   0.026  -0.0535
 -0.0184  0.0414  0.0173  0.2228  0.0085 -0.1093 -0.0697  0.0123 -0.1364
  0.1012  0.0643 -0.1216  0.0305 -0.0748  0.1554 -0.0799 -0.0703  0.0653
 -0.0198  0.0587 -0.0943 -0.0346  0.0424  0.0246 -0.0161  0.0371  0.0794
  0.1483  0.1951 -0.0303  0.055  -0.115  -0.0675 -0.1245 -0.036  -0.098
  0.086  -0.0512  0.1407 -0.164   0.1436 -0.037   0.0335  0.1515  0.1692
 -0.0896  0.2219 -0.0389  0.1068  0.1449 -0.1753  0.0687 -0.1864 -0.0284
 -0.0449 -0.0513  0.004  -0.2514 -0.2205  0.0354  0.0257 -0.0688  0.0464
 -0.0487  0.0109  0.0916 -0.1127  0.0928  0.0964  0.0817 -0.0052  0.0266
  0.0495 -0.0019  0.1381 -0.0934 -0.0358 -0.0694 -0.0389 -0.0826  0.0631
  0.1045 -0.0354 -0.1061  0.045   0.0722  0.0447 -0.0385  0.0477 -0.0486
  0.0417  0.1495  0.0342 -0.0469 -0.0241  0.1243 -0.1269  0.0215 -0.0014
  0.0922  0.0183  0.0008 -0.0933  0.1064  0.1726 -0.0025  0.2758 -0.0721
  0.1308 -0.4323  0.0935 -0.3336 -0.0656 -0.1409  0.0247  0.0368 -0.1889
  0.0028  0.0784 -0.1654 -0.0086  0.0511 -0.0326  0.0677 -0.0906  0.0427
  0.047   0.0644 -0.2413  0.0813 -0.0379 -0.0209 -0.0651  0.2196  0.1799
 -0.2209  0.015  -0.0699  0.0789  0.0236  0.0235 -0.0252 -0.0371 -0.2095
 -0.035   0.0849  0.1386 -0.0571 -0.1116 -0.0893  0.2426  0.1707  0.0017
 -0.0576 -0.1168  0.1068 -0.0354 -0.009   0.2404 -0.1599 -0.0163  0.1213
  0.1195  0.0782  0.0291  0.0693  0.0481  0.0314  0.0628  0.0736 -0.1874
 -0.0776 -0.1568 -0.0319 -0.0891  0.059   0.1167 -0.0288  0.141  -0.1262
 -0.0408 -0.0695 -0.0666 -0.0316  0.0044 -0.1155 -0.1187 -0.1494  0.0148
 -0.1027 -0.1235  0.0547]","[-0.11394     0.08312     0.23594     0.01312     0.00846     0.09036
  0.04776    -0.05006    -0.1335      0.1152      0.046       0.0677
  0.0826      0.03778    -0.19906     0.07452     0.0315      0.02234
 -0.0969      0.15912    -0.0096     -0.03018    -0.16808    -0.10092
  0.19094     0.09824     0.10392     0.12712    -0.03608     0.0483
  0.07952    -0.05902     0.09356    -0.05678     0.00062     0.05528
  0.21918     0.026      -0.1384     -0.05226     0.01382     0.15384
  0.08572     0.09018    -0.05386    -0.0617      0.0072     -0.01078
  0.05808     0.0965      0.01266    -0.03718    -0.05188     0.02202
  0.09638    -0.00112     0.04356     0.0311     -0.03064    -0.02156
 -0.05346    -0.0332     -0.1433      0.00218     0.11712     0.07554
 -0.08674    -0.0928     -0.13962     0.05824     0.05178     0.0873
 -0.1089      0.07376     0.06358    -0.13854     0.05692    -0.00722
 -0.10288     0.16018    -0.01506     0.05046     0.00262     0.08812
 -0.0914      0.17920001 -0.09552     0.04972    -0.09664    -0.09376
 -0.03538     0.0737     -0.07938     0.10076     0.1395     -0.04918
 -0.16372     0.07196    -0.05496    -0.07166     0.0455      0.15032
  0.00366    -0.0876     -0.07666     0.25034    -0.00906    -0.0358
 -0.11718    -0.04464    -0.00474     0.16338     0.04686    -0.13702
 -0.02694     0.00956    -0.09762     0.0773      0.04316    -0.0682
 -0.01586    -0.04364     0.10954    -0.04806    -0.07674    -0.00486
  0.0296     -0.01686     0.02        0.0108      0.03586    -0.02558
 -0.02284     0.09856    -0.08408     0.20208     0.14526    -0.02462
  0.03538    -0.02324    -0.09734    -0.11064    -0.02828    -0.05186
  0.13452     0.04918     0.08778    -0.1432      0.02964    -0.07228
  0.06014     0.093       0.18572    -0.0528      0.2846     -0.08568
  0.12164     0.048      -0.09748     0.01316    -0.08244    -0.0457
 -0.04084    -0.03122    -0.04436    -0.20882    -0.26678     0.06664
  0.0644     -0.02684     0.06336    -0.01458    -0.02854     0.03792
  0.00632     0.02116     0.06626     0.07808     0.01476    -0.00382
 -0.02744     0.05164     0.00284    -0.13024     0.01178    -0.1024
 -0.00644     0.05228     0.04314     0.09982    -0.00902    -0.12006
  0.136       0.03562     0.11008    -0.09726     0.06764    -0.11112
  0.09898     0.02516    -0.02818    -0.0585      0.04616     0.14818
 -0.18496     0.01842    -0.03122     0.08266     0.06194    -0.05498
 -0.13176     0.01032     0.07166    -0.09582     0.09761999 -0.0541
  0.12782    -0.56308     0.11656    -0.26948001 -0.07566    -0.00532
  0.04846     0.05026    -0.1316     -0.08692     0.09466    -0.09774
  0.0591     -0.00818     0.00346    -0.03578    -0.11198    -0.03842
  0.10106     0.0534     -0.26758    -0.02894     0.05504    -0.05168
 -0.00716     0.14944     0.13764    -0.28454     0.05032    -0.1051
 -0.02282    -0.07158    -0.01836    -0.06398    -0.03578    -0.24734
 -0.05714     0.11078     0.05882     0.02146    -0.01742    -0.02304
  0.17494     0.16302     0.02344    -0.12148    -0.12962     0.06014
 -0.02888    -0.02738     0.23106    -0.16712    -0.06154     0.10672
  0.17176     0.01624    -0.10584     0.09978     0.01252    -0.04678
  0.02542     0.02082    -0.14554     0.05522    -0.0463      0.08878
 -0.0376      0.09758     0.10584    -0.05212     0.04372    -0.09182
 -0.03914     0.03936     0.06638    -0.07746     0.0129     -0.02006
 -0.26629999 -0.15372    -0.0081     -0.02184    -0.00394     0.00506   ]"
子人,"[ 6.97999969e-02 -2.17500001e-01  6.04099989e-01  3.66800010e-01
  1.43899992e-01  7.28000030e-02  1.75000012e-01  2.26999968e-02
 -1.86199993e-01  2.55499989e-01  1.75600007e-01 -1.16900004e-01
 -1.19399995e-01  1.81700006e-01 -4.47800010e-01 -7.90999979e-02
  6.44000024e-02 -7.49999955e-02 -2.15999991e-01  2.60299981e-01
 -2.26500005e-01  1.44400001e-01 -1.78300008e-01  1.72800004e-01
  8.61999989e-02 -4.30999994e-02  3.12400013e-01  3.62699986e-01
 -2.04999998e-01  2.36699998e-01 -9.14000049e-02  3.95599991e-01
 -1.09399997e-01  3.36800009e-01  1.20000005e-01 -2.18500003e-01
  1.17499992e-01  2.52200007e-01 -8.79999995e-03  1.65999979e-02
  1.33999996e-02  3.02800000e-01 -1.99999660e-04 -6.90000132e-03
  2.06200004e-01  2.84700006e-01  8.12999979e-02  5.36000021e-02
  1.77399993e-01 -1.67600006e-01 -9.78000015e-02  1.99400008e-01
 -9.97000039e-02 -7.51000047e-02 -1.57100007e-01  1.62000000e-01
 -2.43400007e-01 -3.14199984e-01  3.51999998e-02 -1.23799995e-01
  1.06299996e-01  1.79100007e-01  1.40000001e-01 -9.73000005e-02
  1.20800003e-01 -7.68999979e-02  7.10000023e-02 -1.48000047e-02
 -2.16699988e-01  1.68699995e-01 -5.42000011e-02  3.31999987e-01
 -1.08999992e-02  1.78600013e-01 -6.87000006e-02 -4.63699996e-01
 -1.92000009e-02  2.08099991e-01 -1.19099997e-01 -5.78000024e-02
 -2.28200004e-01  1.38200000e-01 -4.47999984e-02  9.48999971e-02
 -1.78200006e-01 -3.74100000e-01 -8.39000046e-02  4.54900026e-01
 -1.50299996e-01  3.31300020e-01 -2.12000012e-02  2.75900006e-01
 -6.90000057e-02 -1.64099991e-01 -4.25099999e-01  2.54999995e-01
 -3.84100020e-01  2.03400001e-01 -1.40300006e-01  2.33399987e-01
  1.16099998e-01  4.57300007e-01  9.02000070e-02  6.67999983e-02
  8.46000016e-02  4.77100015e-01 -5.31999990e-02 -6.32999986e-02
  1.37099996e-01  4.17000055e-02 -6.68599963e-01 -2.48199999e-01
  3.33999991e-02 -5.84000014e-02  5.97999990e-02 -1.89999998e-01
 -1.48599997e-01  2.67000012e-02  2.21999884e-02 -1.65199995e-01
 -9.78000015e-02 -2.36000009e-02  2.27599993e-01 -2.83800006e-01
  2.68500000e-01 -1.72800004e-01 -1.31999990e-02  2.65999995e-02
 -3.90200019e-01 -9.20000002e-02 -1.87399998e-01  2.38000005e-02
  6.10000007e-02 -1.18999995e-01  2.25299984e-01 -1.57700002e-01
 -1.43000009e-02 -8.46000016e-02 -1.42399997e-01  1.25499994e-01
  1.41000003e-02  1.20999999e-01  2.72799999e-01 -6.98000044e-02
  4.92900014e-01 -1.84399992e-01 -1.83999985e-02 -1.67400002e-01
  2.68599987e-01  3.37300003e-01  2.77700007e-01 -1.04199998e-01
  2.11000010e-01 -2.12799996e-01 -1.68700010e-01  3.67999971e-02
  2.01900005e-01  2.68000007e-01  6.91000000e-02 -2.12300003e-01
 -5.55999950e-02 -5.71000017e-02  8.39000046e-02  4.41500008e-01
 -4.59999964e-03  9.79000032e-02  3.29999626e-03 -1.04499996e-01
  3.51999998e-02  2.31199995e-01  1.52600005e-01 -1.25299990e-01
 -8.30000639e-03  3.90200019e-01 -1.20800003e-01  1.02899998e-01
  9.72999930e-02 -1.45699993e-01  1.08700000e-01  2.03900009e-01
 -9.49999988e-02 -1.40000135e-03 -1.00500003e-01  1.12999976e-02
 -6.99999928e-02 -1.48400009e-01  2.43300006e-01 -2.73999982e-02
  1.44400001e-01  6.53999969e-02  2.62000002e-02 -1.29299998e-01
  9.26699996e-01  4.39999998e-03  3.84400010e-01 -2.03700006e-01
 -1.56100005e-01 -1.25000000e-01 -2.00300008e-01  1.46999992e-02
  1.94800004e-01 -3.51899981e-01 -8.76000002e-02  3.73699993e-01
  2.86999978e-02 -3.05099994e-01  2.53300011e-01 -3.85100007e-01
 -2.56000012e-02  5.11999950e-02  1.85000002e-02  3.65200013e-01
 -3.52800012e-01 -1.35800004e-01 -4.54599977e-01  1.04900002e-01
 -3.22999954e-02 -1.19989991e+00 -1.64499998e-01 -1.36599988e-01
  4.34999987e-02 -3.10000032e-03  4.50000018e-02 -5.07999994e-02
 -5.92999980e-02 -1.53999999e-01  6.43000007e-02  1.82099998e-01
  5.93999997e-02 -9.99999978e-03  3.42700005e-01 -2.96299994e-01
 -3.98800015e-01 -3.32499981e-01 -1.57299995e-01  2.04000007e-02
 -6.72299981e-01  1.14999991e-02  3.31000015e-02  1.83899984e-01
 -8.98999944e-02  4.06999998e-02  1.99999660e-04 -4.85799998e-01
  2.12999955e-02  1.47000030e-02 -3.14000025e-02  4.71400023e-01
  4.67900008e-01 -1.06439996e+00 -7.09000006e-02 -5.16699970e-01
  9.05999988e-02  4.81000021e-02  6.79999962e-03  3.58099997e-01
  4.65499997e-01 -2.84999982e-02 -1.86899990e-01  7.89000019e-02
  1.32999979e-02  4.10000235e-03  2.61000022e-02 -2.13300005e-01
  3.06999981e-02 -2.17500001e-01  2.33700007e-01 -1.30000003e-02
 -9.43999961e-02 -3.30900013e-01 -1.50099993e-01  5.95999956e-02
  2.81500012e-01 -1.52799994e-01  1.90999992e-02  2.26700008e-01
  3.91700029e-01  4.19000015e-02 -5.20999990e-02  8.76999944e-02
  7.69999996e-02  2.38900006e-01  1.88000016e-02 -3.43299985e-01
  1.71299994e-01 -8.39999989e-02  1.53300002e-01  4.36999984e-02
  1.88299999e-01 -1.83899999e-01 -4.32699978e-01 -6.96000010e-02
 -4.30900007e-01 -5.47299981e-01 -2.39600003e-01  2.36499995e-01
 -1.39500007e-01  7.00000003e-02  2.19000012e-01  9.29999948e-02]","[ 3.83933333e-02  1.99533336e-02  4.63586667e-01  2.23746667e-01
  1.55866664e-02  6.40266663e-02  1.47640000e-01 -2.77400007e-02
 -8.48399988e-02  2.11606666e-01  1.66166668e-01 -1.49666667e-02
 -4.42466669e-02 -3.78133317e-02 -3.23180003e-01 -3.38599992e-02
 -3.54800008e-02 -8.65999978e-02 -2.37499999e-01  4.63199988e-02
 -3.63000003e-02  1.25840000e-01 -1.70953336e-01  3.36599991e-02
  5.33866660e-02 -2.48666637e-03  1.29373334e-01  1.46746668e-01
 -8.83533336e-02  6.68866668e-02 -2.17533335e-02  1.34726667e-01
 -4.29466655e-02 -1.75133330e-02  2.94000131e-03 -5.61200010e-02
  9.33266637e-02  6.70599988e-02  1.09613331e-01  7.76466684e-02
 -5.81333324e-02  3.25333321e-02  3.61933350e-02 -4.24066675e-02
  4.02000000e-03  2.05533312e-02  2.22199989e-02 -6.01600022e-02
  5.36399987e-02  2.88466629e-02 -3.51266694e-02  9.68466660e-02
 -3.05066670e-02 -2.78000006e-03  1.69999994e-02  5.09999988e-02
 -5.46400008e-02 -1.13013333e-01  4.50400002e-02 -4.83199997e-02
 -2.24666595e-03 -2.52666669e-02 -1.09533333e-02  6.90933348e-02
  1.67913334e-01 -3.78933322e-02 -5.81999920e-03 -7.60200010e-02
 -9.44733320e-02 -5.57333156e-03 -2.54666557e-03  1.44193332e-01
  9.42666649e-03  8.92333318e-02 -2.19133322e-02 -3.12506663e-01
 -4.80733342e-02  3.68933319e-02 -1.24833332e-01  4.18066676e-02
 -4.31600027e-02  5.37799995e-02 -7.84199996e-02  3.14933337e-02
 -1.06533357e-02 -1.27953333e-01 -4.01066681e-02  6.20733358e-02
  3.97999949e-03  1.82446667e-01  1.25933326e-02  7.80533333e-02
  1.52333335e-02 -3.65333309e-03  1.71999860e-03  4.55733323e-02
 -1.81353334e-01  3.74466671e-02 -1.04400001e-01  8.07799991e-02
  3.35999971e-02  4.13026666e-01  4.16000007e-02 -9.84466660e-02
 -1.20000012e-02  3.49966667e-01  9.14799997e-02 -8.22666677e-02
  8.88800018e-02 -4.09999862e-03 -2.86179999e-01 -2.54133343e-02
  7.31466662e-02  2.52733327e-02  9.30533352e-02 -3.21133355e-02
 -1.12940000e-01  1.89266662e-02 -1.01933357e-02 -3.71333341e-02
 -8.27533347e-02  2.12666715e-03  8.78066651e-02  3.21466680e-02
  9.43066662e-02 -4.84866660e-02  2.20666733e-03 -4.19266667e-02
 -2.22826670e-01  6.15999984e-03 -1.00206666e-01 -6.86866662e-02
  8.28733330e-02 -9.01799976e-02  3.10533308e-02 -1.62986667e-01
  5.83066655e-02  1.99466653e-02 -1.02366664e-01  1.46386665e-01
  4.81666677e-02 -4.80866669e-02  5.10399990e-02 -2.49466668e-02
  3.02013328e-01 -4.06200001e-02 -4.82466667e-02 -1.92000004e-02
  1.38333333e-02  1.26179999e-01  7.65666675e-02 -2.08466660e-02
  1.24680000e-01 -1.12719997e-01 -3.96400011e-02  2.28133323e-02
  3.77466684e-02  3.23800028e-02  1.17066680e-02 -4.99466680e-02
  4.49600010e-02 -6.78266668e-02 -7.61333335e-03  1.51533334e-01
  9.26066656e-02  4.30666666e-02 -1.01686668e-01 -7.54199994e-02
 -6.83266671e-02  1.17253331e-01  7.30066669e-02 -1.08733320e-02
 -2.88800022e-02  1.04460003e-01 -3.05733354e-02  3.67266669e-02
  4.02999981e-02 -2.70999987e-02  8.56066664e-02  6.60400012e-02
 -6.67333305e-03  8.43333323e-02 -2.28933346e-02 -6.04066653e-02
 -3.60133312e-02 -7.16733334e-02  1.06806667e-01 -9.09333347e-03
  2.39933334e-02  7.52399991e-02 -6.97399997e-02 -2.30800001e-02
  2.57213329e-01  1.70333328e-02  1.33993334e-01 -1.80280001e-01
 -1.21279998e-01 -3.00733316e-02 -3.60333327e-02  2.17333226e-03
  7.58200023e-02 -9.54066668e-02 -1.45279999e-01  7.43466651e-02
 -1.12133344e-02 -1.62853332e-01  4.05866664e-02 -1.37699997e-01
  1.45599991e-02  3.86666196e-04 -6.09866675e-02  9.18733371e-02
 -1.15286666e-01  3.37799964e-02 -1.91880000e-01  6.81533332e-02
 -4.66599994e-02 -8.22466662e-01 -2.18000126e-03 -1.06786666e-01
  4.26666501e-04 -9.00266671e-02  4.01066672e-02 -1.92133325e-02
 -1.93199991e-02 -1.46793334e-01  1.21266661e-02  4.57333334e-02
  2.71133331e-02  2.82466684e-02  5.80466668e-02 -6.45466649e-02
 -3.87913329e-01 -1.08133332e-01 -6.32466673e-02  2.10066661e-02
 -4.66386665e-01 -6.92533318e-02  9.93733340e-02  3.93330368e-04
 -2.49133320e-02 -4.74799993e-02  6.77333144e-03 -2.50100000e-01
 -2.14400000e-02 -1.63273335e-01 -1.17380000e-01  2.96206669e-01
  3.56533338e-02 -3.17306667e-01 -4.75333329e-02 -4.01239997e-01
 -9.66266681e-02  3.40599992e-02  3.69133338e-02  2.70533344e-02
  4.69933338e-02 -4.21000001e-02  5.09333420e-03  2.74533326e-02
  5.17999996e-02 -4.49466658e-02 -1.31066654e-02 -1.95799999e-02
  5.64333352e-02 -8.67066662e-02  1.81673335e-01  6.16666758e-03
 -2.88399988e-02 -1.10626666e-01 -2.78666563e-03  2.26933316e-02
  1.42213333e-01 -4.23200017e-02 -2.51266660e-02  6.24799979e-02
  8.14466696e-02  4.94066664e-02 -1.32786667e-01  4.13866655e-02
  1.77646665e-01  7.08399993e-02  8.98666764e-03 -1.21959997e-01
  2.56399995e-02 -3.69533324e-02  5.38066678e-02 -7.41333310e-02
  6.94266677e-02  3.51866685e-02 -1.34326666e-01 -8.43533354e-02
 -1.64620002e-01 -1.93626670e-01 -1.06553333e-01  8.05999997e-02
 -9.96133356e-02  5.38466667e-02 -2.16599996e-02 -1.35420000e-01]"
日,"[ 4.370e-02 -1.890e-02  7.941e-01  1.764e-01  2.917e-01 -4.000e-04
 -1.330e-02 -1.200e-02 -5.050e-02 -6.236e-01  3.200e-02 -8.960e-02
 -1.169e-01 -1.980e-02 -6.036e-01 -6.240e-02 -1.702e-01  7.300e-02
 -8.970e-02  1.810e-02 -7.070e-02 -2.090e-02  6.130e-02  8.340e-02
 -6.660e-02  9.600e-02 -1.102e-01 -3.070e-02  1.152e-01  1.120e-01
 -3.750e-02  1.950e-02 -3.030e-02  7.410e-02 -6.400e-03 -2.320e-02
 -3.550e-02 -1.340e-02  8.000e-03  8.520e-02 -3.590e-02 -1.056e-01
 -8.810e-02 -1.320e-02  9.130e-02  3.694e-01  8.910e-02 -4.080e-02
 -4.880e-02 -5.330e-02 -4.910e-02  3.440e-02 -1.805e-01 -5.980e-02
 -1.210e-02 -1.852e-01 -3.360e-02 -7.600e-02  4.600e-03 -7.580e-02
  1.980e-02  3.870e-02 -9.330e-02 -1.008e-01  8.000e-02  1.759e-01
 -3.850e-02 -2.040e-02 -1.097e-01 -7.750e-02 -2.670e-02 -3.970e-02
  4.690e-02 -1.374e-01 -1.507e-01 -2.112e-01  9.700e-02 -1.056e-01
 -3.840e-02  1.009e-01 -6.040e-02  6.040e-02 -7.440e-02 -5.100e-03
  9.960e-02 -2.970e-02 -8.920e-02  6.020e-02 -1.223e-01 -2.190e-02
  1.886e-01 -6.960e-02  7.450e-02  5.770e-02 -1.510e-01 -6.720e-02
 -3.857e-01  1.410e-02 -2.083e-01 -1.350e-02 -5.890e-02 -1.080e-01
  4.520e-02  1.253e-01 -3.400e-02  4.061e-01 -4.316e-01 -1.510e-01
  5.710e-02 -4.580e-02 -2.779e-01  4.330e-01  1.117e-01  2.700e-03
 -7.070e-02  8.400e-02 -9.230e-02  2.060e-01  7.630e-02  3.700e-03
 -9.530e-02  3.280e-02 -1.970e-02 -1.363e-01 -9.900e-03 -1.510e-02
  6.770e-02  5.890e-02  5.993e-01 -8.430e-02 -1.052e-01 -1.360e-02
  1.342e-01 -2.170e-02 -3.770e-02 -4.739e-01 -1.562e-01  7.960e-02
 -5.760e-02  4.580e-02 -2.190e-02 -1.016e-01 -1.229e-01 -3.360e-02
  6.566e-01  5.830e-02 -1.532e-01  1.617e-01  1.275e-01 -1.213e-01
 -6.590e-02 -1.114e-01 -3.540e-02  1.546e-01  1.675e-01 -5.190e-02
  1.068e-01  7.400e-03 -8.390e-02 -7.480e-02  7.830e-02  2.108e-01
 -1.300e-02  3.239e-01  3.960e-02  9.200e-03 -2.286e-01 -3.520e-02
 -3.330e-02  3.190e-02 -2.930e-02 -1.650e-01 -2.830e-02 -2.400e-03
  5.820e-02 -8.550e-02 -5.290e-02 -1.145e-01  4.150e-02 -1.754e-01
  8.110e-02  5.290e-02 -7.087e-01  3.326e-01 -1.215e-01 -1.140e-02
 -1.451e-01  4.319e-01  7.120e-02 -1.474e-01 -2.480e-02 -5.630e-02
  1.930e-01  3.580e-02 -4.802e-01 -3.660e-02 -1.790e-02  1.257e-01
 -3.430e-02 -1.609e-01 -4.550e-02  1.225e-01 -5.000e-02  5.300e-02
 -1.486e-01 -1.644e-01 -5.760e-02  1.844e-01 -2.540e-02 -6.910e-02
  1.048e-01 -1.463e-01  9.390e-02 -6.210e-02  5.623e-01 -2.441e-01
  1.705e-01 -6.065e-01 -4.200e-03  2.180e-02  1.526e-01  4.290e-02
 -1.346e-01 -4.020e-02  2.570e-02 -2.250e-01 -1.758e-01 -2.470e-02
  3.890e-02  1.412e-01  4.430e-02 -3.297e-01  3.800e-03 -2.330e-02
  7.250e-02 -5.840e-02  1.331e-01  3.450e-02 -2.840e-02  1.994e-01
 -7.800e-03 -1.300e-03  1.830e-02 -4.648e-01  6.990e-02  1.456e-01
 -2.340e-02 -1.910e-02 -2.070e-01 -6.072e-01 -4.990e-02 -2.053e-01
  8.980e-02 -5.590e-02 -1.200e-03 -6.800e-02  1.289e-01 -1.288e-01
  7.730e-02  7.120e-02 -1.121e-01  5.780e-02  9.810e-02 -2.518e-01
  5.820e-02  4.338e-01 -9.490e-02 -1.600e-03  5.670e-02  4.080e-02
 -4.740e-02 -2.840e-02 -1.500e-03 -1.056e-01  2.210e-02 -1.120e-02
  1.305e-01  8.540e-02  1.345e-01  2.570e-02  2.208e-01  1.132e-01
 -2.380e-02  5.660e-02  4.500e-03 -7.470e-02  2.910e-02  6.510e-02
  2.600e-02  3.850e-02  7.790e-02  4.990e-02 -1.192e-01 -7.190e-02
 -2.979e-01  1.600e-02 -1.015e-01  2.472e-01 -1.300e-03 -9.600e-02]","[-3.28500004e-02 -1.45499995e-02  5.85174996e-01  1.42487499e-01
  4.78750004e-02  1.52000006e-02  9.05500008e-02  6.57499817e-03
 -7.84250004e-02 -1.50362504e-01  1.27850001e-01 -3.40875000e-02
 -9.19750012e-02 -9.73625011e-02 -3.13175002e-01  7.70249998e-02
 -5.72249998e-02  1.32749998e-02 -1.34687502e-01  2.61999994e-02
  3.23750079e-03  5.67249989e-02  7.39374997e-02 -6.44999812e-03
 -1.61500004e-02  8.17874996e-02 -3.51874995e-02  5.19374994e-02
  5.94750018e-02  9.96875004e-02 -7.62375011e-02 -8.61625003e-02
 -6.82375014e-02  2.12624986e-02  2.90500004e-02 -5.88999983e-02
  2.67499995e-02 -1.44375013e-02 -1.41249992e-02  1.73312498e-01
 -6.05000004e-02  8.19499991e-02  3.03124990e-02 -8.80000071e-03
  5.82375020e-02  1.70725002e-01  3.98625010e-02  5.27749998e-02
 -4.72624988e-02  1.26125013e-02 -6.91875003e-02 -2.93000003e-02
 -2.71250014e-02 -1.90749988e-02 -5.85999994e-02 -7.70749996e-02
  1.19500023e-02 -3.70500013e-02  6.57874985e-02  1.06124996e-02
  1.09750004e-02 -3.22750011e-02 -1.30037500e-01 -5.86125000e-02
  7.95624993e-02  1.10624982e-02  5.37874987e-02 -1.23999994e-02
 -9.53000002e-02  5.25374999e-02 -6.78250000e-02  6.72375024e-02
  9.21249847e-03 -5.45250012e-02 -1.34000010e-02 -1.24312499e-01
 -2.51249990e-02 -6.77249993e-02 -5.92625003e-02  9.47125000e-02
  3.10125005e-02 -2.44624992e-02 -8.91749999e-02 -5.60250005e-02
 -9.36249905e-03  6.61124997e-02 -9.62999980e-02 -2.84625004e-02
 -3.93999983e-02 -1.50600001e-01  4.15375000e-02 -3.59000017e-02
 -3.08125005e-02  6.69250005e-02 -3.73249972e-02 -7.30874967e-02
 -2.08237499e-01 -2.51500002e-02  2.18624996e-02 -3.65500014e-02
 -2.64125011e-02  1.57812503e-01 -5.00000032e-03 -2.02750000e-02
 -9.03750071e-03  2.36812501e-01 -1.22025002e-01 -4.39249988e-02
  1.03912501e-01 -1.69125004e-02 -3.47625001e-01  1.58275000e-01
  9.79625001e-02 -6.13124979e-02  5.91249997e-02  2.97499999e-02
 -2.55749978e-02  9.41375010e-02  1.02862501e-01 -3.08500008e-02
 -3.41124996e-02  6.88750087e-03  1.96375020e-02 -2.62249993e-02
  1.85374999e-02  5.00000082e-04 -8.32499952e-03 -6.48749975e-03
  2.65475004e-01  1.53625008e-02 -7.09374986e-02  1.51625000e-02
  8.07000003e-02 -4.97499993e-02 -2.14375006e-02 -3.96700000e-01
  8.24999996e-03  1.14737499e-01 -4.34250010e-02  2.33374997e-02
 -6.35625000e-02 -1.39625005e-02 -4.24750000e-02  2.06000004e-02
  3.07437498e-01 -3.13749986e-02 -1.05637500e-01  2.33999984e-02
 -2.62124976e-02 -8.72624977e-02 -1.86124991e-02 -9.74999834e-03
  3.75999999e-02  3.97874978e-02  1.46262500e-01 -6.88999989e-02
  1.89474999e-01  6.15375004e-02 -1.15249977e-02 -1.13750133e-03
  5.00749964e-02  6.18125019e-02 -1.24624998e-02  8.02625017e-02
  2.37999994e-02  8.10250003e-02 -1.71949999e-01 -1.92750000e-02
  1.42499999e-02  2.88750094e-03 -3.01125008e-02 -8.07249988e-02
 -2.69750010e-02  9.13750223e-03  2.02999999e-02  3.07374973e-02
  5.35624977e-02 -6.19624999e-02  4.64875002e-02 -6.05500001e-02
  1.35875006e-02  4.37624981e-02 -3.47449997e-01  1.49475004e-01
 -1.86000005e-02 -4.88625009e-02 -4.07124992e-02  3.31237495e-01
 -7.46250013e-03 -1.59937502e-01 -6.62124999e-02 -2.85125015e-02
  3.02900003e-01  2.10874995e-02 -5.75624974e-02  5.87500399e-04
  6.46874995e-02  2.43749996e-02  1.55625003e-02  1.91500017e-02
  2.63999994e-02  7.90750013e-02  1.00750000e-02  7.57500001e-02
 -2.54250008e-02 -1.24412498e-01  4.46375010e-02  8.66249995e-03
  8.32500006e-03 -8.00750013e-02 -3.77250006e-02 -7.16250017e-03
 -7.35000013e-02 -1.59212505e-01  1.54725004e-01 -1.09412501e-01
  1.39537500e-01 -6.06662504e-01 -6.54875014e-02 -6.62874999e-02
  5.73750031e-02 -1.40249999e-02 -1.65500008e-02  3.48875038e-02
  8.47749989e-02 -7.21249992e-02 -7.21874975e-02 -9.83000007e-02
  6.63874992e-02 -2.78624988e-02  3.96500006e-02 -2.39574997e-01
 -1.90237498e-01 -8.31999979e-02  3.00999987e-02  1.24625000e-02
 -1.95875002e-01  2.53874988e-02 -9.20000020e-03  6.93375007e-02
  5.51125015e-02  4.90375005e-02 -1.26500004e-02 -3.04587498e-01
  2.01024997e-01 -4.46749979e-02 -1.15162499e-01 -4.06250148e-03
 -1.48749999e-01 -6.34837497e-01 -2.44875001e-02 -2.95387503e-01
  6.49624977e-02  1.45249997e-02  7.78999992e-02  6.36749977e-02
  1.59937502e-01 -1.72500007e-02 -6.07500011e-02  4.55999991e-02
 -1.59087501e-01 -8.49997508e-04 -4.51250048e-03 -1.00062498e-01
  1.79412501e-01  1.64025004e-01 -7.52875016e-02  1.50625013e-02
  1.23749999e-02  8.59250026e-02 -5.55125006e-02 -3.71249992e-03
  6.12624996e-02  2.06999998e-02 -1.01625006e-02 -5.42374975e-02
  6.96125005e-02  1.87624994e-02 -4.25000850e-04  9.43749910e-03
  1.44799998e-01  1.31249997e-02 -3.03250002e-02 -2.83624986e-02
 -7.07500114e-03 -4.51874990e-02  8.50001612e-04 -1.01750022e-02
 -1.60124995e-02  8.26375009e-02  1.72250003e-02 -1.69125006e-02
 -2.04750001e-01  2.60650005e-01 -1.51074996e-01  1.82500009e-02
 -1.41249998e-02  1.49599999e-01 -5.40000018e-03  4.64249997e-02]"
隣,"[-0.2177  0.0302  0.497   0.0298 -0.039   0.0781  0.0077 -0.3328 -0.3509
  0.0268  0.1361 -0.1308 -0.2446 -0.049  -0.3743  0.0839  0.0097 -0.2051
 -0.187   0.0409  0.0353  0.1325 -0.3481 -0.0428  0.0489 -0.1025  0.1281
  0.1675 -0.0207 -0.3273 -0.0405 -0.0264  0.1776  0.0663  0.0352 -0.1418
 -0.1764  0.0066  0.1784  0.28    0.1035  0.1691 -0.0011 -0.0118 -0.0783
  0.151  -0.1176  0.0468  0.093  -0.0822 -0.0215 -0.0012  0.054   0.0956
 -0.0182 -0.0619  0.0953 -0.0563 -0.0075  0.0517 -0.0604 -0.1407  0.0709
  0.0902  0.1106  0.0322 -0.0371  0.1875  0.2362  0.0364  0.1268  0.1074
 -0.1315 -0.0495 -0.2105 -0.0998  0.0535 -0.0927  0.0344 -0.1016  0.0366
  0.0685 -0.0243  0.0139 -0.0363 -0.225  -0.0445  0.0925  0.1105 -0.1589
 -0.1625  0.0656 -0.1448  0.0614 -0.2506  0.0846 -0.3295  0.0365 -0.1445
 -0.0161  0.0583  0.0288 -0.0858  0.0556 -0.1407  0.6491  0.0649 -0.0525
 -0.1157  0.077   0.0538  0.1598  0.1152 -0.1246  0.2151 -0.1401 -0.1695
  0.0491  0.0878  0.0329 -0.0922 -0.2231  0.1169  0.3296 -0.056  -0.1284
 -0.0353  0.2698  0.0251  0.2381 -0.0889 -0.0446  0.0875  0.0251  0.0681
 -0.3194  0.3809  0.075  -0.0825  0.2163  0.0244  0.0087  0.2157 -0.1183
  0.2834 -0.0193  0.0134 -0.4201 -0.2824 -0.1344  0.0054 -0.0698  0.3258
 -0.2289  0.107  -0.1744 -0.0588 -0.0442  0.2417  0.0636 -0.1903 -0.0651
 -0.1101  0.3365  0.147   0.0963 -0.2301 -0.1252  0.0956 -0.0413 -0.0529
 -0.0589 -0.0611  0.1379 -0.067  -0.0436 -0.0674  0.0979  0.1233 -0.0481
  0.0181 -0.1688 -0.2592 -0.0112  0.1311 -0.021   0.141   0.1356 -0.1606
  0.0635  0.03    0.1769 -0.0074 -0.0407  0.219   0.182   0.1637 -0.1593
  0.0075  0.0603  0.0058  0.1994  0.0766 -0.0086 -0.1083 -0.1526  0.1244
 -0.3993  0.0554 -0.1542  0.068  -0.0316 -0.1874 -0.1063 -0.0553 -0.1834
  0.0098 -0.4796 -0.1056 -0.1348  0.1243  0.0487  0.1985  0.006   0.1362
 -0.2391 -0.0513  0.3294 -0.0397  0.2019  0.0458  0.154  -0.3354 -0.0579
  0.1552 -0.1386 -0.2244 -0.0184  0.0741 -0.0849 -0.0448 -0.1717  0.0464
 -0.1604 -0.0914  0.0198 -0.2727  0.1526 -0.262  -0.0398 -0.1169 -0.3694
 -0.1087 -0.003   0.1862  0.0409  0.0671 -0.2395 -0.0566  0.2014  0.0354
  0.2009  0.2062 -0.1289 -0.1092 -0.1505 -0.1763 -0.0461 -0.1096  0.0452
  0.1663 -0.1099  0.225  -0.1691  0.0767  0.0502  0.0315  0.0891 -0.3277
 -0.0793  0.5766 -0.1161  0.0273 -0.1291 -0.0015 -0.2159 -0.0538  0.0296
  0.148   0.1831 -0.16   -0.0948 -0.3108  0.1091 -0.2416 -0.0053 -0.1363
  0.0034  0.139  -0.0845]","[-4.21666671e-02 -2.99666642e-02  4.34133326e-01  7.59166665e-02
 -5.10166654e-02  8.09833336e-02  2.97666648e-02 -2.01950000e-01
 -1.87633337e-01 -4.46499996e-02  1.62783332e-01  2.68333330e-02
 -6.09999976e-02 -2.05000055e-03 -4.58116665e-01  2.92999996e-02
 -1.61333328e-02  6.20000126e-03 -1.91283334e-01 -3.39500010e-02
  7.18666700e-02  8.13833320e-02 -2.16850000e-01 -7.19166681e-02
  5.15666662e-02 -3.79666677e-02 -8.90666675e-02  1.87433334e-01
 -2.88666683e-02 -1.69650003e-01 -1.57149997e-01 -1.96733333e-01
 -2.41000025e-02 -1.62600000e-01  2.27333341e-02 -5.46833326e-02
 -6.13000039e-02 -1.47166687e-02 -3.00001353e-04  1.62200001e-01
 -3.73500005e-02  8.27166674e-02  5.23166681e-02  1.08133334e-01
 -9.82500010e-02 -1.70000022e-03 -4.94333328e-02 -4.43500013e-02
  6.53833328e-02 -1.88666663e-02 -3.71000012e-02  5.93499979e-02
  1.05150001e-01  2.20500043e-02 -2.17333341e-02 -7.35166669e-02
  8.08166663e-02  8.82499988e-02 -5.83500017e-02  5.64833327e-02
 -4.68333343e-03  7.91666967e-03 -7.84333314e-02  1.56316664e-01
  1.12616664e-01  3.83833361e-02 -1.05533334e-01 -2.55166665e-02
  1.07666658e-02  1.55716669e-01  1.23216667e-01  9.42166677e-02
 -9.04166689e-02 -9.64833301e-02 -5.48999993e-02 -8.49500002e-02
 -2.82166659e-02 -4.48999998e-02  5.17833332e-02  2.68666667e-02
  2.23333336e-02  6.31666556e-03 -7.73333323e-02 -3.48333347e-03
 -1.37283333e-01  5.50666650e-02 -3.71833326e-02  8.24500015e-02
  9.07999983e-02 -4.60166670e-02 -1.67666670e-01 -1.67500018e-02
 -1.60000132e-03  2.12416664e-01 -1.29833324e-02  1.69333355e-02
 -3.07916664e-01 -4.03666639e-02 -7.06500025e-02 -7.97000019e-02
  1.13299998e-01  1.70316666e-01 -1.15333339e-02  2.79833345e-02
 -6.93333338e-02  6.31916657e-01  3.96833345e-02 -6.93333521e-03
  2.00000592e-04  2.36666665e-02  3.94000013e-02  1.50849998e-01
  7.04333329e-02 -1.36550000e-01  6.21833367e-02 -4.68333332e-02
  6.08333349e-02  1.02449999e-01  3.24666674e-02  8.65000052e-03
  2.88833330e-02 -3.34333358e-02  1.08099997e-01  1.10300004e-01
 -1.18866666e-01 -7.48166658e-02 -5.34333345e-02  1.04766669e-01
  9.44500007e-02  6.02833343e-02  4.41666630e-03 -6.31666658e-02
  1.35700000e-01 -6.17499994e-02 -3.99996837e-04 -2.74633334e-01
  8.96000005e-02  3.72833335e-02  3.81499995e-02  4.21666658e-02
  5.66666656e-02  6.57999991e-02  9.16000019e-02 -7.06499973e-02
  2.93983333e-01  6.09500001e-02 -2.61666626e-03 -1.95266664e-01
 -7.82000012e-02 -5.45333330e-02  5.33333340e-02 -2.96666733e-03
  2.11599999e-01 -8.54833362e-02  8.48333333e-02 -1.49466666e-01
 -4.70333320e-02  4.28666677e-02  6.21833317e-02 -7.74999956e-03
 -9.36500005e-02 -6.04499993e-02  2.82833325e-02  2.67899995e-01
  5.23333338e-02  7.14000004e-02 -2.24400001e-01 -1.79500002e-02
 -3.16833312e-02  4.48666685e-02 -1.72833316e-02 -1.43333276e-03
  2.21000003e-02  4.77166649e-02 -1.79200000e-01 -6.38166678e-02
 -7.70999988e-02 -3.92166662e-02  8.48333351e-02 -2.23333314e-02
 -1.58166674e-02 -7.45833305e-02 -2.97900001e-01 -4.45000008e-02
  8.58666667e-02 -7.16833326e-02  3.51833313e-02  1.99400003e-01
 -6.48166677e-02  1.05000101e-03 -3.90500020e-02  1.21833336e-02
  3.15333339e-02  5.21666665e-03  2.28833333e-01 -2.52666678e-02
  3.59833324e-02  1.49333328e-02 -2.35333342e-02  1.18666669e-01
 -7.72166689e-02  1.55450000e-01  8.20999996e-02 -9.16500017e-02
 -2.94999918e-03 -1.39233333e-01  9.15999984e-02 -1.83333342e-02
  6.51000002e-02 -7.38500003e-02 -5.12833316e-02  1.52666693e-02
 -2.14450002e-01  1.47833346e-02  2.02833343e-02 -1.47283331e-01
  7.05666654e-02 -5.98950004e-01  6.35000070e-03 -7.65333329e-02
 -2.20166662e-02  5.05500009e-02  4.37166709e-02 -4.21333332e-02
 -2.16666733e-03 -6.59999764e-03 -7.58833336e-02  2.10866666e-01
  7.58000010e-02  1.42416670e-01  2.81666654e-03 -6.08333349e-02
 -2.96516662e-01 -8.61833332e-02  4.80333352e-02 -1.15833345e-02
 -2.05933332e-01  1.96666674e-03  5.81000013e-02 -2.58833350e-02
  2.58666659e-02 -8.90000040e-03  6.68500004e-02 -2.48316665e-01
  6.75000064e-03 -4.50166663e-02 -2.31033334e-01  1.38849997e-01
 -8.08000006e-02 -1.57616667e-01 -3.03333327e-02 -3.57633332e-01
 -4.78666673e-02 -1.86666684e-02  1.35033333e-01  5.72500005e-02
  1.60000008e-03 -2.12333327e-02  6.32000001e-02  8.53333306e-02
  5.29666683e-02 -7.34999944e-02  4.49666666e-02 -8.69666679e-02
 -3.12999996e-02  2.81833332e-02 -4.57166663e-02  4.01333328e-02
 -9.25833307e-02  8.68499984e-02 -1.94666671e-02 -3.63166668e-02
  2.83999989e-02 -3.86666656e-02  3.81833318e-02  5.54833325e-02
  1.40999996e-02  9.33999997e-02 -1.70633329e-01  1.26733335e-01
  4.55183332e-01 -1.00616667e-01 -4.77500001e-02 -3.12833320e-02
  2.36166640e-02 -1.00866665e-01 -3.83333225e-04 -1.31999990e-02
  6.00333350e-02  1.37833332e-01  1.48666669e-02  2.38166663e-02
 -2.68549999e-01  1.28066665e-01 -1.64516667e-01 -2.18166671e-02
 -8.75000010e-02  1.33133336e-01  1.58999984e-02 -2.39166704e-02]"
利用,"[ 9.000e-04 -4.650e-02  4.347e-01  7.090e-02 -1.536e-01 -1.128e-01
  1.040e-02 -6.000e-04 -4.470e-02 -7.280e-02  2.971e-01  7.000e-04
  1.427e-01 -1.109e-01  3.263e-01 -2.420e-02 -5.450e-02 -2.700e-03
 -8.590e-02 -1.027e-01  3.460e-02  9.360e-02  6.200e-02  1.430e-02
 -1.208e-01  2.267e-01 -9.730e-02  2.210e-02  1.138e-01 -3.880e-02
 -3.212e-01 -1.014e-01  1.217e-01  6.010e-02  1.124e-01  2.330e-02
 -1.180e-02  6.250e-02 -3.087e-01 -2.127e-01 -9.100e-03 -2.820e-02
 -2.296e-01  6.840e-02 -2.836e-01  4.050e-02 -8.600e-02  8.920e-02
 -1.524e-01  2.800e-03 -1.429e-01 -4.620e-02 -8.050e-02  1.241e-01
 -8.060e-02  4.810e-02  3.100e-02 -1.528e-01  2.900e-03 -2.010e-02
 -1.420e-02  7.300e-02 -1.082e-01  2.237e-01  4.130e-02  7.370e-02
 -1.132e-01  1.041e-01 -4.693e-01 -6.420e-02  3.620e-02 -1.740e-02
 -1.059e-01  1.830e-02 -2.590e-02 -9.950e-02  6.720e-02 -1.272e-01
  1.317e-01  1.700e-03  8.730e-02 -7.110e-02 -4.150e-02  3.780e-02
 -9.010e-02  4.100e-02 -1.584e-01  2.838e-01 -8.230e-02  1.741e-01
  3.380e-02  3.510e-02  3.860e-02  9.460e-02  1.346e-01 -8.670e-02
 -9.700e-02  3.500e-03  9.530e-02 -1.300e-03 -4.630e-02  3.478e-01
 -5.220e-02  1.562e-01  4.470e-02 -6.210e-02  5.006e-01 -6.240e-02
 -8.030e-02  1.108e-01 -8.210e-02 -1.798e-01  1.183e-01 -1.268e-01
 -2.230e-02 -7.750e-02  2.552e-01 -1.542e-01  4.624e-01 -1.518e-01
  4.090e-02  2.406e-01 -2.433e-01 -4.110e-02  9.710e-02 -1.789e-01
  4.500e-02 -1.610e-01  1.615e-01  2.440e-02 -3.140e-02 -7.430e-02
 -4.380e-02 -1.907e-01  8.400e-03 -7.770e-02  9.150e-02  2.350e-02
  6.260e-02  1.600e-03 -1.910e-02  1.685e-01  9.250e-02  9.470e-02
  3.000e-01  8.520e-02  3.200e-03  1.140e-02 -6.800e-02 -1.350e-02
  2.231e-01 -9.940e-02  6.810e-02 -1.360e-02  2.776e-01 -1.249e-01
  1.287e-01 -1.220e-02  8.200e-02  6.550e-02  7.020e-02 -1.955e-01
 -1.015e-01 -1.475e-01 -8.510e-02 -7.900e-02  1.550e-02  8.330e-02
  6.880e-02  2.300e-02  1.003e-01  9.630e-02 -2.294e-01 -3.130e-02
 -1.281e-01 -3.200e-02  2.970e-02 -2.654e-01 -1.045e-01  9.300e-02
  2.390e-02 -4.990e-02 -3.467e-01  1.287e-01 -1.590e-02 -1.225e-01
 -3.426e-01  4.595e-01 -4.410e-02  1.460e-02  5.870e-02 -1.042e-01
  2.853e-01  4.940e-02  1.311e-01 -2.630e-02 -1.148e-01 -1.338e-01
  9.230e-02  1.939e-01 -4.590e-02  2.670e-02  1.232e-01 -3.380e-02
  2.430e-02 -2.104e-01  6.870e-02  2.287e-01 -1.542e-01 -1.022e-01
  1.530e-02 -8.420e-02 -7.770e-02  1.908e-01 -3.255e-01 -8.080e-02
 -9.420e-02 -6.423e-01  3.210e-02 -1.809e-01  2.370e-01 -1.034e-01
  1.636e-01 -3.521e-01 -4.100e-03  3.260e-02 -6.620e-02  7.780e-02
  1.411e-01  2.220e-02  7.790e-02 -5.120e-02 -3.778e-01  2.446e-01
  2.493e-01 -7.130e-02 -2.363e-01  8.850e-02  1.869e-01  4.590e-02
 -2.528e-01 -1.334e-01  5.410e-02 -2.381e-01 -6.340e-02 -4.949e-01
 -1.184e-01 -9.110e-02  2.400e-02  4.903e-01 -2.141e-01 -3.280e-02
 -2.123e-01 -3.830e-02  4.360e-02 -2.288e-01 -1.505e-01 -9.440e-02
 -1.950e-02  1.426e-01 -4.020e-02  1.257e-01 -1.450e-02  1.016e-01
 -2.546e-01  4.095e-01  3.790e-02  7.950e-02  1.930e-02  1.800e-02
 -1.798e-01 -1.635e-01  1.448e-01 -5.500e-03 -1.512e-01 -7.290e-02
 -9.710e-02 -4.280e-02 -3.040e-02 -1.259e-01  7.494e-01  9.180e-02
 -1.757e-01  2.729e-01  3.970e-02  1.103e-01 -1.009e-01 -1.143e-01
 -5.060e-02  8.560e-02 -5.880e-02  1.310e-01 -4.507e-01  5.780e-02
  1.616e-01 -1.530e-02  4.600e-02  1.190e-01 -9.780e-02 -2.390e-01]","[-1.29500001e-01 -4.57749972e-02  3.62999998e-01  9.26500028e-02
  6.18249997e-02 -1.71149999e-01 -7.92500020e-02  2.69500005e-02
  3.55749998e-02  7.67499954e-03  1.27450000e-01  5.75499974e-02
  3.74749973e-02 -7.24999839e-03  9.57499933e-03  9.24750026e-02
 -1.53499998e-02 -7.37250007e-02 -1.20575000e-01  7.75000006e-02
  1.86749996e-01  1.16749983e-02 -1.52500011e-02  2.71249982e-02
  4.57499735e-03  1.76700000e-01 -1.26000000e-01 -7.67249982e-02
  3.34749967e-02  6.52499963e-03 -2.24525001e-01 -5.94250001e-02
  5.17499866e-03 -6.67749981e-02  1.94250005e-02  1.00075002e-01
 -1.54174998e-01  2.92499945e-03 -1.09599998e-01 -1.96999981e-02
 -5.95750033e-02 -1.15674999e-01 -1.13374999e-01 -5.67499977e-02
 -7.94749972e-02  2.11250000e-02 -2.96750003e-02 -2.69499995e-02
 -8.11250005e-02  1.40200004e-01 -2.88250018e-02 -1.65750002e-02
 -1.16900001e-01  7.24750012e-02 -1.50725003e-01 -1.29200000e-01
  1.04624997e-01 -2.01675001e-01  9.89999993e-02  2.21999991e-02
  3.83000004e-02  1.62999998e-02 -1.27824999e-01  8.94999970e-02
  1.27350003e-01  9.12500038e-02 -5.16500007e-02  3.98499989e-02
 -3.26024998e-01 -6.04749990e-02  1.25574998e-01  5.35000023e-03
 -4.47749989e-02 -1.93499997e-01  9.68750003e-02 -5.59000000e-02
 -1.88000016e-02 -4.87000048e-02 -9.80500039e-02  3.97999997e-02
 -8.44999589e-03  6.32000044e-02 -3.36749995e-02 -4.41250019e-02
  5.14249988e-02  1.14299997e-01 -1.42900001e-01  7.05250055e-02
 -1.72125002e-01  1.49500002e-02  4.29250002e-02  3.50749991e-02
  4.77250014e-02  1.24125000e-01  1.14174997e-01 -1.20850001e-01
 -1.29425001e-01  5.34499997e-02  1.63499996e-02 -8.48499980e-02
 -7.69749987e-02  2.79449999e-01  1.12000008e-02  1.27300005e-01
  1.22200002e-01  1.48475004e-01  1.31724996e-01  2.57000010e-02
 -1.17300001e-01  3.46499993e-02 -1.62424993e-01 -2.99250018e-02
  8.93249992e-02  6.32749982e-02  1.43950002e-01 -1.79000022e-02
  1.54375002e-01  1.60300005e-01  3.08374997e-01 -1.13150002e-01
 -4.40499984e-02  8.82000006e-02 -2.05000025e-02 -1.40350000e-01
  5.25749987e-02 -1.39425003e-01 -1.99999753e-03  7.87500106e-03
  1.75475005e-01 -4.84999998e-02  3.96499988e-02 -4.50000167e-04
 -4.44999780e-03 -1.93525001e-01  6.83750024e-02 -7.37999987e-02
 -3.52500007e-03  3.62250002e-02  4.35250009e-02 -4.17750024e-02
 -8.28499976e-02  6.76250011e-02  4.36249985e-02  6.58000009e-02
  3.29525005e-01  1.07100001e-01  1.40749992e-02 -5.85000007e-03
 -3.40000000e-02 -1.36624996e-01  4.23750017e-02 -5.45999981e-02
  2.19999999e-03  1.93999985e-02  2.77424999e-01 -1.00950000e-01
  1.46949999e-01  7.75749972e-02  1.36750001e-01 -4.28750021e-02
 -3.63750011e-02 -9.55500008e-02 -8.98999991e-02  2.30750041e-02
  9.87500139e-03  5.84999844e-03 -1.31825003e-01  1.14349997e-01
  6.04500044e-02 -7.12500000e-02  7.21499976e-02  3.67249963e-02
 -3.57749965e-02 -1.28599999e-01 -1.93525001e-01  1.11024997e-01
  4.77500260e-03 -4.51249983e-02 -1.20099999e-01  1.27425002e-01
 -4.25999979e-02 -1.47250006e-02 -3.00325006e-01 -1.45750004e-02
 -7.40750013e-02  4.78499976e-02 -1.75649995e-01  3.69900003e-01
  4.29500006e-02  9.29999980e-03 -4.83999988e-02  1.01899998e-01
  1.03524994e-01  1.32349998e-01  1.49724998e-01 -9.47749997e-02
  2.08000001e-02 -4.32249999e-02  7.91500006e-02  8.16249996e-02
 -3.94499989e-02  3.59999994e-03  1.26075001e-01  5.49249966e-02
 -2.10500006e-02 -1.66800000e-01  9.22750006e-02  2.83500000e-02
 -4.26500030e-02 -1.98250022e-02  2.32499978e-03 -1.30249997e-01
 -1.03375001e-01  8.34749974e-02 -1.47725004e-01 -1.65549997e-01
 -1.94999948e-03 -6.68300003e-01 -1.57500105e-03  2.38750018e-02
  8.94250026e-02  3.38250017e-02  2.84199998e-01 -1.11875005e-01
  2.96500005e-02  1.00750006e-02 -6.06000032e-02 -9.20500010e-02
  1.15500002e-01  1.03425003e-01  1.30124997e-01 -1.34499990e-02
 -3.38299997e-01  1.07025005e-01  1.56300002e-01 -2.13750005e-02
 -3.16350002e-01  1.16249997e-01  2.00825006e-01  7.75499968e-02
 -1.86949998e-01 -4.74499995e-02  6.14999700e-03 -3.02449998e-01
  4.51749994e-02 -2.97425001e-01 -1.14499999e-01  9.04999860e-03
 -5.52000008e-02 -4.32999954e-02 -8.22499997e-02 -2.85050000e-01
  1.25750024e-02  2.11749990e-02  2.04999992e-02 -5.60999997e-02
 -1.67175001e-01 -2.67500016e-02  2.47749998e-02  3.59999947e-03
 -1.79750002e-02  6.69749991e-02  5.68249989e-02  1.54850001e-01
 -9.11999959e-02  7.99250016e-02  1.07400003e-01 -1.26124999e-01
 -1.70000130e-03  4.02499977e-02 -4.03500008e-02 -6.38249982e-02
  1.70700004e-01  1.05250003e-02 -6.81249965e-02 -4.97500040e-03
 -1.12425001e-01  1.20499991e-02 -1.85574999e-01 -3.14750003e-02
  6.28625005e-01  9.44999997e-02 -1.55599999e-01  1.49024998e-01
  1.35975003e-01  4.89749988e-02 -4.35000011e-02  3.98000013e-02
  1.85749996e-02  1.48150005e-01 -9.30000190e-03 -4.75000590e-04
 -2.70050002e-01  1.79600001e-01 -7.55000114e-03 -9.10500018e-02
 -2.02750014e-02  1.05424998e-01 -4.19999994e-02 -1.74199997e-01]"
道路沿い,"[-2.48300016e-01 -3.37000012e-01  5.06900012e-01 -3.95000018e-02
 -1.09999999e-01  6.69999421e-03 -7.45999962e-02  9.26000029e-02
 -1.56900004e-01  6.44999892e-02  1.99299991e-01  1.78799987e-01
 -1.48900002e-01  2.82800019e-01 -7.36500025e-01  6.66000009e-01
  3.62500012e-01  1.45699993e-01 -2.73200005e-01 -1.63899988e-01
  8.42000097e-02 -3.28099996e-01 -4.40800011e-01 -1.11000001e-01
  1.93699986e-01  2.51800001e-01 -6.28999993e-02 -1.35700002e-01
  3.83800000e-01 -7.03599989e-01 -4.38899994e-01 -5.81799984e-01
 -4.36000004e-02 -1.85900003e-01  6.66999966e-02  1.65299997e-01
  8.99996608e-04  1.03400007e-01  4.33600008e-01 -1.09399997e-01
 -1.35999992e-01 -1.85799986e-01 -3.30399990e-01 -3.04800004e-01
  6.16100013e-01 -2.44199991e-01  1.09400019e-01 -2.51300007e-01
 -2.52999991e-01  6.92800045e-01 -4.09299999e-01  1.94000006e-01
 -1.43099993e-01  3.10100019e-01 -3.18800002e-01  1.00700006e-01
  2.75000006e-01 -3.59099984e-01  6.10900044e-01  1.90000003e-03
 -3.34300011e-01 -1.68400005e-01 -2.28399992e-01  7.76000023e-02
  5.62699974e-01  5.31199992e-01 -2.00899988e-01 -1.11999996e-01
  3.90999988e-02  4.84100014e-01  1.33600011e-01  1.01999998e-01
  2.98000015e-02 -2.52000004e-01  4.46299970e-01  2.82900006e-01
 -3.35900009e-01 -4.58000004e-01 -5.14199972e-01 -1.44499987e-01
 -1.18200004e-01 -6.04599953e-01 -6.63999990e-02  8.00999999e-02
 -1.09200001e-01  4.47200000e-01 -9.14999992e-02  2.96200007e-01
 -1.85000040e-02 -7.63000011e-01 -4.02399987e-01 -3.14599991e-01
  2.37899989e-01  4.46399987e-01  2.62000039e-02  3.32999974e-02
 -6.31399989e-01 -5.37699997e-01 -1.14699997e-01 -3.42400014e-01
 -3.26900005e-01  6.52099967e-01 -1.92999989e-02 -2.70999968e-02
 -1.36299998e-01  3.73199999e-01 -3.80100012e-01 -7.51000047e-02
 -3.80299985e-01  2.54299998e-01 -6.69999957e-01 -9.70000029e-03
  1.29099995e-01 -2.46899992e-01  1.44699991e-01 -1.32999986e-01
  1.69999897e-03 -4.16000001e-02  4.16700006e-01 -3.61699998e-01
  1.35700002e-01 -1.35499999e-01  1.31999999e-01  2.51599997e-01
 -2.12099999e-01  1.91999972e-02  5.06000035e-02  5.21200001e-01
 -5.24999976e-01  1.73799992e-01 -2.10999995e-02  6.12000003e-02
  3.48800004e-01 -3.74799997e-01  4.39900011e-01  4.05799985e-01
  1.60699993e-01  4.66300011e-01 -9.14999992e-02 -2.82299995e-01
 -3.33200008e-01  2.34999955e-02  4.60000001e-02 -4.16299999e-01
  8.68900001e-01  2.25100011e-01  3.10499996e-01 -3.03400010e-01
  1.41900003e-01  3.71700019e-01  4.51499999e-01 -3.52699995e-01
  2.09399998e-01  4.20000032e-02  8.31699967e-01 -9.75999981e-02
 -3.16300005e-01  3.02399993e-01 -7.19999988e-03  1.37600005e-01
 -4.52699989e-01 -1.72399998e-01 -5.64999990e-02  1.60000031e-03
  1.01400003e-01 -1.97400004e-01 -4.69099998e-01  3.02000009e-02
 -1.26200005e-01 -5.74500024e-01  1.11300007e-01  2.50900000e-01
 -2.87400007e-01 -3.07000019e-02 -5.34399986e-01  8.95999968e-02
 -9.49999988e-02 -4.36100006e-01  1.79299995e-01 -1.29099995e-01
 -1.30799994e-01 -1.58500001e-01 -1.27299994e-01  1.24000013e-02
  2.80600011e-01  4.23200011e-01  4.34000045e-02 -3.11199993e-01
  1.84500009e-01  2.75099993e-01 -1.72400013e-01 -1.50299996e-01
  6.60899997e-01  5.71400046e-01  2.12499991e-01  3.46599996e-01
  6.86900020e-01  3.92000005e-02  5.63899994e-01  2.18600005e-01
 -2.74300009e-01  2.64999986e-01 -7.29000047e-02  3.04099977e-01
  1.27200007e-01 -7.78999999e-02  2.86900014e-01 -2.35400006e-01
  4.51499999e-01 -9.34999958e-02 -3.70000005e-01  5.90300024e-01
 -1.07500002e-01  2.66200006e-01  7.76600003e-01 -5.26700020e-01
 -4.99993563e-04 -1.65370011e+00  3.39700013e-01 -2.03400001e-01
  2.90300012e-01 -1.75300002e-01 -1.09100007e-01 -2.49299988e-01
 -8.94000083e-02 -1.53899997e-01 -1.10200003e-01  4.60900009e-01
  2.89200008e-01  2.36400008e-01 -4.14000005e-02  1.01600006e-01
 -5.64999998e-01 -2.88899988e-01  4.76300001e-01 -2.33199999e-01
 -8.01200032e-01 -1.58000007e-01  1.23400003e-01 -1.11100003e-01
  1.09800003e-01 -6.87000006e-02  4.69200015e-01 -8.43800008e-01
  1.35200009e-01 -3.94499987e-01  2.12500006e-01  3.88099998e-01
  3.54799986e-01 -9.57700014e-01  9.98999998e-02 -1.02540004e+00
 -7.85400033e-01  1.48400009e-01  1.66600004e-01  8.63499999e-01
 -8.33000019e-02  1.50700003e-01 -1.79899991e-01 -9.30999964e-02
  1.94799989e-01  6.93999976e-02  2.85999998e-02  5.00000000e-01
 -4.06100005e-01  1.40699998e-01  3.94100010e-01 -4.60000336e-03
 -4.73699987e-01 -5.67000061e-02  4.51999977e-02 -3.04600000e-01
 -4.46999967e-02  9.07000080e-02 -2.55199999e-01  4.43599999e-01
 -9.30999964e-02  2.83299983e-01 -3.13100010e-01  5.66799998e-01
  4.40099984e-01 -1.67699993e-01 -3.59999761e-03  4.29999968e-03
  3.12999994e-01 -9.44100022e-01  1.59000009e-01  3.79000157e-02
 -3.94699991e-01  2.66700000e-01 -2.66700000e-01  4.39199984e-01
  1.95400000e-01  4.59800005e-01  7.10999817e-02 -4.69999993e-03
 -5.26999980e-02  4.92399991e-01  2.39999995e-01  2.60300010e-01]","[-1.52675003e-01 -1.78125003e-01  4.50925005e-01 -9.50000109e-03
 -1.08000012e-02 -1.81550000e-01 -3.92500137e-03  1.05425000e-01
 -8.89500016e-02  2.26749990e-01  9.34499996e-02 -1.42500224e-03
  1.67999985e-02 -1.26174993e-01 -7.00699996e-01  4.35349990e-01
  2.47124997e-01  7.17499973e-02 -2.91975000e-01  5.23000024e-02
  1.50175005e-01  1.49499979e-02 -1.93250004e-01 -2.04224999e-01
  3.19224998e-01  1.35000000e-01  4.21000039e-02 -2.07750015e-02
  2.14724996e-01 -1.73400002e-01 -1.44300003e-01 -4.00174995e-01
 -5.88000037e-02 -1.80050002e-01  1.76874996e-01  6.47999954e-02
  5.42749988e-02  1.47025003e-01 -9.95000079e-03 -2.56849999e-01
 -3.05000064e-03 -1.57949995e-01 -9.92749963e-02 -7.50750004e-02
  4.44250023e-02  2.81999996e-02  6.07250081e-02 -3.08825003e-01
 -1.52625000e-01  2.17300005e-01 -1.07650001e-01  1.33324997e-01
 -6.24499973e-02  1.98100001e-01 -2.03450002e-01  8.40500031e-02
  2.95474997e-01 -2.60049996e-01  3.91100002e-01  8.12749986e-02
 -9.06000049e-02 -1.06999999e-01 -1.10675000e-01 -4.17750009e-02
  1.83849995e-01  6.55999985e-02  2.09500012e-02  2.82000024e-02
 -8.58500025e-02  2.57600004e-01  1.15700005e-01 -1.67499762e-03
  7.74249989e-02 -1.02299999e-01  2.45799993e-01 -1.03950002e-01
 -2.23599996e-01 -2.34975001e-01 -3.54550001e-01 -7.46999937e-02
  1.32000000e-01 -7.95249939e-02 -1.08149998e-01  1.01049999e-01
 -4.44999896e-03  2.85124998e-01 -1.31700002e-01  2.36675002e-01
 -4.94250031e-02 -2.08124999e-01 -2.70674998e-01 -1.35225001e-01
  1.18374997e-01  2.60200002e-01  2.02425001e-01 -9.52500002e-02
 -3.89150003e-01 -1.10750000e-01 -7.44749997e-02 -1.63699999e-01
 -2.09825004e-01  7.96499982e-01 -1.50000071e-03  7.63500016e-02
  8.34499981e-02  3.29949992e-01 -2.67850007e-01  3.34999879e-03
 -1.91250000e-01  1.32299997e-01 -4.27999998e-01 -1.17100000e-01
 -2.87750065e-02 -1.54950001e-01 -2.29199997e-01  1.43600004e-01
 -4.43249990e-02  1.52999995e-01  4.18074993e-01 -2.16800002e-01
 -4.18749996e-02 -1.88224999e-01  8.37999987e-02  5.33250049e-02
 -2.13300005e-01  1.99249955e-02  6.18250011e-02  2.81224996e-01
 -4.30025004e-01 -3.62500001e-03 -4.30999978e-02 -6.12250003e-02
  6.88499943e-02 -2.38025000e-01  1.04250003e-01  3.49150004e-01
 -4.37500095e-03  2.23999997e-01 -7.62249995e-02 -1.12925000e-01
 -2.06775007e-01  1.24674996e-01  9.09750006e-02 -1.37824999e-01
  7.66474996e-01  1.49500001e-01 -5.26000047e-02  8.29250002e-02
  5.85999982e-02  5.16750044e-02  2.27925000e-01 -1.73399998e-01
  6.36999998e-02  5.41250014e-02  9.48900003e-01 -2.69449994e-01
 -1.84274998e-01 -2.17950001e-01 -3.20999983e-02 -1.26449991e-01
 -3.12200001e-01 -1.07925002e-01 -9.47500113e-03  3.01125001e-01
  2.32500059e-03 -2.18374996e-01 -4.28225011e-01  5.30750005e-02
 -1.52225000e-01 -2.07500104e-02 -9.58249979e-02  1.54250008e-02
 -7.24750045e-02 -1.41250020e-02 -1.90675008e-01  8.77999990e-02
 -1.03300001e-01 -1.40124998e-01 -9.87500004e-02  5.96249998e-02
 -1.45775003e-01 -1.19225003e-01 -2.71075006e-01  7.04749970e-02
  2.62149997e-01  1.87624997e-01  1.01925002e-01  6.42500492e-03
  1.05850004e-01  1.67850004e-01 -9.26000054e-02 -2.32099999e-01
  4.86475000e-01  3.66150008e-01  5.79425007e-01  1.01524998e-01
  2.87474997e-01  7.10750003e-02  3.07100001e-01  2.79700003e-01
 -1.94850001e-01  1.18600001e-01  1.37349998e-01  1.06324996e-01
  1.51349999e-01 -1.90499993e-02  8.83250064e-02  1.63699998e-01
  1.17149998e-01  7.40000326e-03 -3.22149994e-01  2.77300012e-01
 -3.99750005e-02  1.69175002e-01  4.00974993e-01 -2.68249998e-01
  2.47249980e-02 -1.55069999e+00  1.28775002e-01 -1.03400000e-01
  1.72024997e-01 -4.88749995e-02 -1.38675003e-01 -3.14774995e-01
  4.42999969e-02 -4.32675000e-01 -3.81000014e-02  1.75200000e-01
  1.52524996e-01  2.67199997e-01  1.11550000e-01  2.22775005e-01
 -4.89074998e-01 -1.22475000e-01  5.65249966e-02 -5.25750008e-02
 -8.10800008e-01 -9.12000029e-02  1.34250009e-02  7.14999962e-02
  7.09750005e-02 -5.12249977e-02  2.62600007e-01 -7.14599997e-01
  1.71374999e-01 -4.78675000e-01  7.24000037e-02  8.77750013e-02
 -4.90250029e-02 -8.67449995e-01 -1.91250029e-02 -6.37025001e-01
 -4.07400003e-01  3.31000008e-02  2.73250015e-02  5.54800007e-01
 -1.25850002e-01  1.69525002e-01 -7.30249947e-02  2.53750002e-02
  1.82949998e-01 -3.16500012e-02 -3.34250010e-02  1.61824998e-01
  1.72499660e-03 -1.13075002e-01  1.27949998e-01  1.08374996e-01
 -1.36649997e-01  4.33749985e-02 -7.33250005e-02 -2.20425000e-01
 -2.30749985e-02 -6.36999961e-02 -8.10999991e-02  1.30774999e-01
 -2.42099999e-01  2.28199998e-01 -1.70250001e-01  3.49574995e-01
  4.51575008e-01 -4.21500029e-02 -8.88749990e-02  7.23999975e-02
 -1.54500036e-02 -4.53299996e-01 -1.78749971e-02  3.27150008e-01
 -2.50149995e-01 -1.39999785e-03  8.14749952e-02  1.72299992e-01
  1.39650001e-01  2.62524993e-01 -2.64350003e-01 -2.51000053e-02
 -9.14249984e-02  3.67774997e-01  4.35249989e-02  2.74575004e-01]"
駅,"[-0.0847 -0.0146  0.3533 -0.0052 -0.0776  0.1439 -0.1888 -0.3385 -0.0446
  0.0316 -0.1156  0.1406 -0.272  -0.1416 -0.3392  0.0987  0.2291  0.0275
 -0.1584 -0.0208  0.1315  0.1029 -0.5007  0.0426  0.1409  0.0461  0.2139
 -0.0244  0.077  -0.1726  0.1075 -0.0864 -0.0334 -0.3944  0.3415  0.049
  0.0803  0.0857  0.0608 -0.152   0.048  -0.0398 -0.0908  0.0883 -0.0862
  0.1946  0.0795  0.1428  0.0459 -0.2505 -0.0347  0.0991  0.1958  0.2702
  0.0515  0.0094  0.0541 -0.2074  0.063  -0.0184 -0.12   -0.0904  0.0507
  0.1011 -0.1089 -0.2064 -0.0769  0.0829  0.0161  0.0138  0.1401 -0.0054
  0.065  -0.2007 -0.1584  0.0473  0.0117 -0.0826  0.104  -0.0915 -0.1349
  0.071  -0.0238 -0.1096  0.0969  0.0855 -0.0041  0.0543 -0.1296 -0.214
 -0.0772 -0.1053  0.2421  0.0792  0.0185 -0.0844 -0.4438  0.1798  0.0233
 -0.1041 -0.0066  0.3813 -0.0437 -0.0259 -0.0424  0.2221 -0.1574  0.0194
 -0.0717  0.0753 -0.0878 -0.1615  0.309  -0.0696  0.0023 -0.116  -0.2673
 -0.0961  0.2119 -0.0374 -0.0267  0.0533  0.0224 -0.0527 -0.155  -0.0815
  0.0318  0.09   -0.3502 -0.0355  0.1496 -0.0556  0.0955  0.1853 -0.
  0.5632  0.1333  0.2048 -0.0973 -0.1267 -0.0644  0.1598  0.1798 -0.049
  0.6195 -0.0595 -0.2288 -0.1599  0.0224 -0.074   0.0815 -0.1003  0.3822
 -0.0119  0.3462 -0.2844  0.051  -0.0194 -0.0236  0.0369  0.1587 -0.046
  0.0386  0.083  -0.1575 -0.0055 -0.3129  0.1104  0.0424  0.1058 -0.1127
  0.0358  0.2344 -0.0512  0.0642  0.2297 -0.119   0.0508 -0.0616  0.0313
  0.0254 -0.5064 -0.2693  0.1465  0.0904  0.1822 -0.0466 -0.0249 -0.057
  0.0278  0.0869  0.0207  0.4437 -0.0043  0.0947 -0.0334  0.1379  0.1812
 -0.0147  0.3056 -0.3332  0.2262  0.2872  0.0681 -0.065  -0.0288  0.1241
  0.5416  0.0515 -0.0541 -0.1192  0.192  -0.2708 -0.1964  0.3624 -0.1999
  0.0632 -0.9143  0.0641  0.1641  0.2387 -0.0465 -0.0417  0.1011  0.1886
 -0.0649  0.17    0.1607  0.1013  0.1436  0.1316 -0.0321 -0.1684 -0.1581
 -0.0049 -0.0167 -0.459   0.1036  0.1081  0.2968 -0.1159  0.0052  0.3034
 -0.3598  0.0516 -0.1587  0.0311 -0.0699 -0.165  -0.8466 -0.1814 -0.3042
  0.0164 -0.2232  0.0303  0.1755 -0.1714  0.0103 -0.0431  0.1009  0.1935
 -0.0085  0.1194  0.0561 -0.1347 -0.0047 -0.1731  0.0234  0.2725  0.0721
 -0.1366 -0.0448  0.0705  0.0458  0.0745 -0.0038 -0.0449  0.0442 -0.152
  0.0349  0.0811  0.1291  0.0108  0.0849 -0.0349 -0.1703 -0.0235  0.1043
 -0.1161  0.0465  0.1606  0.1055 -0.077   0.0116 -0.514   0.034  -0.1949
  0.3083 -0.024   0.2532]","[-1.11393333e-01 -6.45466660e-02  3.16580002e-01  1.02873332e-01
  6.56066637e-02 -9.05999839e-03 -2.24600015e-02 -6.41266654e-02
 -7.68666650e-02  1.50153335e-01  5.34266666e-02  7.84133334e-02
 -5.25733342e-02 -9.82199998e-02 -3.32793332e-01  8.90600009e-02
 -4.12133337e-02  3.79333186e-03 -2.43299999e-01  6.22666727e-03
  5.83933338e-02  3.69533350e-02 -2.55659999e-01  2.41066641e-02
  1.95466666e-01  3.95333355e-02  2.39333299e-03  1.05053335e-01
  7.37533344e-02 -1.71466657e-02 -4.17333437e-03 -8.51466666e-02
  1.36633335e-01 -1.42466667e-01  1.03113337e-01  7.86866652e-02
  8.61733354e-02  2.73600001e-02  2.06866691e-02 -2.97599996e-02
 -1.30066670e-02 -5.39933316e-02  5.33733368e-02  2.09459998e-01
 -7.20866685e-02 -1.01353333e-01 -6.14466655e-02 -6.99333350e-03
  2.75133326e-02  3.39400010e-02  3.05199996e-02 -3.03333340e-02
 -6.88666385e-03  5.92666790e-03  9.30333325e-02 -2.54000028e-03
  7.03733336e-02 -1.52866667e-01  4.59533360e-02  5.96066646e-02
 -3.48933340e-02 -3.69066682e-02 -7.20666684e-03 -4.23533318e-02
  5.95799984e-02  3.95199993e-02 -9.09466657e-02  7.57799999e-02
 -9.53999923e-03  1.59820001e-01 -7.05999985e-03  5.56266680e-02
  1.01046666e-01 -5.19666674e-02  2.88933344e-02 -1.69100000e-01
 -8.13066665e-02 -4.03733330e-02 -6.98533338e-02 -5.64866658e-02
  7.45333360e-03  1.28433333e-01 -6.39200001e-02  3.97733333e-02
  5.20800016e-02  1.26353333e-01 -3.03933342e-02  5.12199985e-02
  8.56400003e-02 -3.08733322e-02 -9.67666669e-02 -9.42000051e-03
  2.39400001e-02  1.37473332e-01  4.60466659e-02 -1.81933335e-01
 -2.26526667e-01 -2.91266662e-02 -7.84933326e-02 -2.83066679e-02
 -6.03600020e-02  3.90813334e-01 -2.75600007e-02 -5.19999862e-04
  9.44133336e-02  2.83240000e-01 -6.52933333e-02  2.43266666e-02
 -8.79666661e-02 -7.18000022e-03 -2.65066670e-01 -1.46680000e-01
  1.46866631e-02 -4.65999996e-02 -9.66333341e-02  7.57933338e-02
 -1.31426670e-01  9.34533312e-02  1.30819999e-01 -2.77266661e-02
 -2.06066666e-02  2.57999972e-03  5.66999987e-02 -9.01133344e-02
  3.15199992e-02 -5.76733336e-02  4.72733339e-02 -9.49066665e-02
 -1.12353333e-01 -4.65933342e-02  9.27999883e-03  7.50866672e-02
  1.21180001e-01 -3.57666674e-02 -8.42666601e-03  2.83073330e-01
  7.37600006e-02  2.70133318e-02 -4.83266674e-02 -1.11746668e-01
 -6.39333339e-02  1.18833332e-01  6.16666661e-02 -4.12799997e-02
  3.53186663e-01 -6.16666673e-02 -9.64799975e-02 -6.41733320e-02
  2.66600003e-02  3.65066646e-02  9.65400025e-02 -1.04733311e-02
  1.27766668e-01 -4.80266683e-02  2.99073330e-01 -6.71599968e-02
  9.16400000e-02  6.85666660e-02 -2.18333339e-02 -7.01666670e-02
  2.44333343e-02 -9.79933326e-02 -1.36166667e-01  5.97866677e-02
 -2.21799985e-02 -7.13666670e-02 -2.63326667e-01  3.71333313e-02
  2.13933339e-02  3.81999996e-02  3.65999983e-02 -3.53999847e-03
  7.03400003e-02  4.19600029e-02 -1.62000110e-03  1.95266666e-02
  6.19999915e-03  3.00933320e-02  1.62466662e-02  1.22213336e-01
 -1.99800006e-02 -1.58253332e-01 -4.80466692e-02  2.57000011e-02
 -3.99133339e-02 -5.84666630e-03 -4.05800012e-02  4.57666687e-02
  5.79199986e-02 -2.98666683e-02  1.28800006e-02  7.12666648e-03
  2.91133330e-01  3.67466668e-02  1.11833334e-01 -2.83933335e-02
  9.97466648e-02 -9.12066661e-02  1.00260001e-01  1.19806662e-01
 -3.65200008e-02  3.24000095e-03  8.36799972e-02  2.69733340e-02
 -1.28546666e-01 -1.13420000e-01  8.98000076e-03  6.30599965e-02
  9.35933325e-02 -8.62000024e-02 -1.00993334e-01  1.45773335e-01
 -1.38413331e-01 -9.07866667e-02  8.62000013e-03 -1.38666668e-01
  2.97000027e-02 -9.39260004e-01  9.17133301e-02 -4.37199986e-02
 -1.63266668e-02 -6.92733321e-02 -1.36600006e-02  1.17246668e-01
  1.52733344e-02 -1.34066669e-02 -2.50266668e-02 -3.60000016e-02
  1.32966666e-01  4.66533328e-02  3.93733340e-02 -1.06373333e-01
 -3.19753331e-01  7.40000103e-03  4.03800002e-02 -4.82666652e-02
 -4.51493331e-01 -3.89999917e-03  6.87066663e-02  1.03786664e-01
 -3.97333503e-03 -8.04666684e-03  1.82866668e-01 -3.10293336e-01
  1.38626666e-01 -2.21486668e-01 -1.16473335e-01 -4.95600016e-02
 -7.01933314e-02 -3.82786659e-01 -8.89666671e-02 -4.28246670e-01
  4.58666649e-02 -4.79066668e-02  6.50933339e-02  1.50073334e-01
 -4.02999996e-02 -5.18466673e-02  5.73332608e-04  1.29193333e-01
  1.04080000e-01 -1.15580001e-01 -7.22266649e-02 -5.81333376e-03
 -1.19000001e-01 -3.38866660e-02  2.85999999e-02  1.70666686e-03
  5.23333357e-02  2.13866657e-02  6.27333332e-02 -4.40799993e-02
 -1.75999982e-02  4.25199988e-02  1.18466658e-02 -1.53933329e-02
 -3.56866664e-02  1.16993334e-01 -1.10359998e-01  2.46733322e-02
  1.80133322e-02  9.68133339e-02 -5.24133335e-02  6.46667408e-04
  1.06665678e-04 -2.11613333e-01 -3.32066660e-02  9.47666672e-02
 -1.78599992e-02  6.46800002e-02  8.61200006e-02 -1.58066669e-02
 -1.17546668e-01  7.92466655e-02 -2.74386664e-01 -9.26199981e-02
 -9.87600016e-02  1.77466666e-01 -1.06466668e-02 -3.95133320e-02]"
カニ,"[ 2.472e-01 -3.738e-01 -4.220e-02  1.364e-01 -1.950e-01  2.880e-01
 -3.171e-01 -3.485e-01 -1.007e-01  3.502e-01  7.550e-02  2.622e-01
 -5.886e-01  6.000e-04 -2.370e-01 -1.963e-01  7.480e-02  1.664e-01
 -5.011e-01 -9.690e-02 -2.087e-01  2.633e-01 -3.171e-01 -1.472e-01
  2.566e-01  3.369e-01 -1.701e-01 -2.616e-01 -1.480e-02  6.760e-02
  4.630e-02 -9.030e-02  1.652e-01  1.267e-01 -4.285e-01  3.519e-01
  3.139e-01 -1.230e-01  2.457e-01  2.940e-01 -2.439e-01  1.311e-01
 -6.350e-02 -2.260e-02  3.745e-01 -3.341e-01 -1.190e-02  1.068e-01
 -1.705e-01  1.132e-01  3.740e-01  2.390e-02 -5.620e-02 -8.430e-02
  2.429e-01  3.075e-01 -2.802e-01 -1.524e-01  4.390e-02 -5.890e-02
 -2.119e-01 -8.740e-02  8.480e-02  1.849e-01  3.360e-02 -1.230e-02
  4.260e-02 -3.504e-01 -1.588e-01 -2.328e-01 -4.830e-02  1.368e-01
  1.171e-01  2.833e-01  3.161e-01 -3.241e-01  1.373e-01 -8.700e-03
 -1.540e-01  5.160e-02  5.596e-01 -2.292e-01  1.329e-01  1.915e-01
 -2.400e-03 -1.480e-02  7.000e-03 -3.151e-01  1.760e-02 -1.061e-01
 -1.351e-01 -2.331e-01 -2.370e-02  3.220e-01 -1.846e-01 -2.943e-01
 -3.064e-01  1.183e-01 -5.220e-02 -1.987e-01  1.375e-01  1.580e-01
  1.247e-01 -1.340e-02 -4.640e-02  4.639e-01  4.490e-02  2.081e-01
 -1.050e-02 -3.490e-02  6.500e-03  4.600e-01  3.652e-01 -5.710e-02
  5.051e-01  1.984e-01 -3.241e-01 -4.550e-02  2.041e-01 -1.147e-01
  1.993e-01 -4.510e-02 -1.126e-01  1.398e-01 -2.160e-02 -1.805e-01
 -3.280e-02 -1.682e-01 -1.706e-01 -2.306e-01  6.440e-02  1.493e-01
 -2.417e-01  8.980e-02 -1.304e-01 -1.761e-01  2.040e-01 -8.670e-02
 -2.315e-01  3.280e-02  2.295e-01  9.730e-02 -2.541e-01  1.459e-01
  3.350e-02 -3.091e-01 -9.640e-02  9.460e-02 -1.626e-01 -3.880e-02
 -1.452e-01  1.692e-01  8.600e-03  1.512e-01 -1.432e-01 -2.570e-02
 -4.710e-02  1.056e-01  5.510e-02 -6.900e-02 -9.600e-02  5.860e-02
 -2.159e-01 -2.919e-01  1.230e-02 -2.227e-01  1.453e-01 -1.116e-01
 -1.884e-01 -9.120e-02  2.083e-01 -1.070e-02  1.844e-01  3.884e-01
  6.910e-02  8.200e-02  2.326e-01  8.860e-02  3.160e-02  1.353e-01
  1.071e-01  6.800e-03  3.960e-01 -2.096e-01 -2.513e-01 -6.250e-02
 -8.900e-03 -1.314e-01  9.490e-02  2.495e-01  2.700e-03 -1.554e-01
 -4.200e-02 -5.700e-02 -1.419e-01 -1.638e-01 -2.983e-01  1.296e-01
  8.600e-02  2.470e-01 -7.440e-02 -2.573e-01  2.660e-02 -2.516e-01
 -1.760e-01 -1.751e-01 -4.840e-02 -3.410e-02  7.990e-02 -7.800e-03
  2.554e-01  1.199e-01 -2.849e-01 -1.077e-01  9.800e-02  1.372e-01
 -3.610e-02 -8.540e-01 -1.562e-01  1.315e-01 -1.086e-01  9.900e-02
  1.605e-01  1.720e-01 -1.403e-01  8.720e-02 -1.676e-01  6.630e-02
 -6.600e-02 -5.060e-02 -6.070e-02  3.120e-01 -3.566e-01  8.830e-02
 -8.030e-02  4.980e-02 -4.172e-01 -1.948e-01 -2.308e-01  6.060e-02
  2.410e-02 -3.480e-02  1.659e-01 -3.051e-01  1.581e-01 -1.276e-01
 -1.412e-01  1.483e-01 -2.193e-01  1.328e-01  5.000e-03 -5.421e-01
 -2.772e-01 -2.680e-02 -1.416e-01  2.200e-03  1.731e-01  2.279e-01
  2.021e-01  2.403e-01  2.859e-01 -1.797e-01  1.226e-01  1.005e-01
 -8.220e-02  1.156e-01  1.157e-01  2.812e-01 -2.568e-01  1.124e-01
 -4.500e-02  2.940e-02 -2.402e-01 -2.960e-02 -2.324e-01 -1.732e-01
  1.853e-01 -5.610e-02  1.532e-01  1.857e-01 -3.171e-01  9.700e-03
 -2.290e-02  3.050e-02 -2.668e-01 -1.080e-01 -3.641e-01  4.210e-02
 -2.690e-02  1.108e-01 -7.290e-02 -3.191e-01 -2.204e-01  2.153e-01
 -2.011e-01 -1.876e-01 -1.544e-01  6.100e-03  2.766e-01 -2.760e-01]","[ 2.84674995e-01 -1.88950005e-01  4.12825008e-01  2.91325000e-01
 -1.96999945e-02  2.13549995e-01 -1.16299992e-01 -2.81425002e-01
 -2.14050000e-01  4.27650000e-01  2.92175008e-01  1.93874999e-01
 -1.98824991e-01 -6.60500025e-02  2.38750018e-02  2.85249972e-02
  1.47050003e-01  6.04500007e-02 -5.36100000e-01  7.64499968e-02
 -1.18925001e-01  9.80749987e-02 -1.89549996e-01 -9.86000025e-02
  3.43849993e-01  1.38349994e-01 -1.08500001e-01 -1.48799992e-01
 -1.97600004e-01  2.14775003e-01 -1.85349997e-01 -2.41375007e-01
  1.29474997e-01  3.50499959e-02 -1.21175000e-01  3.56600001e-01
  1.86599994e-01 -2.20650004e-01  1.51149999e-01  9.48749967e-02
 -8.19750000e-02  7.27749993e-02  1.05275002e-01  6.20500022e-02
 -2.27499194e-03 -1.88825006e-01  1.39249980e-02 -1.66775003e-01
  1.53150005e-01  1.63225000e-01  2.71000070e-02 -1.97175004e-01
 -1.35000236e-03  1.49225007e-01  3.78599990e-01  5.68500003e-02
 -1.43775001e-01 -1.03050002e-01  3.07000002e-01  2.29999982e-02
 -2.27949998e-01 -1.47899997e-01 -2.47500325e-03  1.06450005e-01
  7.32500013e-02  1.68924998e-01  3.99000002e-02 -1.38275000e-01
 -4.21350010e-01 -2.73975001e-01  1.21575000e-01  1.75275005e-01
 -5.03250035e-02  1.52950007e-01  3.94425001e-01 -4.58599994e-01
 -8.91249990e-02  2.06450007e-01 -1.79399997e-01  2.52074996e-01
  4.32124995e-01 -1.78425004e-01 -4.18750020e-02  8.67999941e-02
 -2.97424991e-01 -6.41500042e-02  1.01300000e-01 -3.90575002e-01
  2.04750011e-02 -8.54999945e-03 -1.29150003e-01  1.01150004e-01
  2.42999997e-02  3.61424998e-01 -1.03749998e-01 -2.26624995e-01
 -2.10725002e-01  1.14499987e-02 -8.27750023e-02 -1.19999998e-01
  9.64250014e-02  4.65750006e-01  1.05750002e-01  2.97250003e-02
  4.55749985e-02  3.30224999e-01  3.58800003e-01 -1.63375003e-01
  1.16750001e-02 -5.28750031e-02 -1.94550001e-01  1.87900007e-01
  3.27025008e-01  4.71999962e-02  2.57575004e-01 -1.21124991e-01
 -2.38499958e-02  1.51900004e-01 -2.56249988e-02 -2.42550002e-01
 -8.97499911e-03 -1.72574995e-01  5.40249976e-02 -2.73250019e-02
  5.25500029e-02  3.03000018e-02  7.07499962e-03 -1.51224998e-01
 -6.07500598e-03 -5.55999996e-02 -7.90499989e-02 -5.39499987e-02
  9.32500511e-03  1.43749993e-02 -9.60749998e-02 -2.62350008e-01
  2.78174993e-01 -1.14474997e-01 -1.19325000e-01  2.31150002e-01
  1.42224994e-01  1.37325004e-01 -2.32125000e-01 -7.25000538e-03
  1.59274999e-01 -1.69500019e-02  1.77250016e-02  2.00000312e-03
 -2.98999992e-01 -8.63000043e-02  2.13000002e-01  5.09500057e-02
  6.39000013e-02 -2.13500066e-02 -8.39750059e-02 -1.07750022e-02
  2.77949999e-01  3.43374997e-01  2.47500092e-03 -6.25002198e-04
 -4.55750013e-02 -1.96549997e-01 -4.05750005e-02 -5.20175005e-01
 -7.78249996e-02 -1.54800001e-01  9.81250005e-02  5.07250013e-02
 -3.39175000e-01  6.44000014e-02  2.63824995e-01 -1.68674998e-01
  1.65725005e-01  2.61224994e-01 -2.26525002e-01  1.70100005e-01
  4.26650003e-01  2.12899994e-01  5.53750005e-02  6.05975010e-01
 -6.32499959e-02  1.48475003e-01  3.77400000e-01 -1.50824998e-01
 -1.55700001e-01 -1.13200004e-01 -9.77750001e-02  3.97749906e-02
  9.74749997e-02  1.48500046e-02 -5.44250007e-02 -2.26524998e-01
  1.64300000e-01 -1.69500000e-01  3.03749936e-02 -1.04575001e-01
 -9.77500028e-02  3.02250013e-02  6.04500000e-02  2.40124996e-01
 -2.89375000e-01  3.52000017e-02  1.28875003e-01 -1.39049995e-01
 -1.83074999e-01 -1.34225002e-01 -6.80000056e-03  2.92250020e-02
  2.31024998e-01  1.81499999e-01  1.11200001e-01  1.16949996e-01
 -3.82925011e-01 -7.52999971e-02  9.87750003e-02  1.16824999e-01
 -1.03049997e-01 -1.37850000e+00 -6.05500033e-02 -5.72499963e-02
 -9.87000016e-02 -7.72750014e-02  1.13125004e-01  2.29999935e-03
 -2.31850006e-01 -2.00899996e-01 -3.61249996e-02 -1.31750004e-02
  1.51549999e-01 -1.12000001e-01 -7.66249979e-02  1.46300004e-01
 -6.63649984e-01  1.14049999e-01 -3.35750016e-02  7.09249983e-02
 -7.15549998e-01 -1.31350002e-01 -7.02500036e-02 -2.20975000e-01
 -1.86424998e-01 -8.00500021e-02 -2.55499906e-02 -5.35100001e-01
  1.94924999e-01 -3.67274995e-01 -1.48000005e-01  2.64275010e-01
 -3.10500007e-01  3.60700000e-01 -3.73249988e-02 -8.60725008e-01
 -1.51575008e-01 -4.92499974e-02 -1.59449996e-01  3.94199993e-01
  2.91099996e-01  1.28774995e-01  9.08499968e-02  4.94624997e-01
  1.32099998e-01 -3.47100003e-01 -2.91499952e-02 -1.65499959e-02
  1.26449997e-01  3.18974991e-01 -1.47574991e-01  2.24949999e-01
 -1.76749995e-01  1.85775003e-01  2.42999941e-02  1.27825003e-01
  6.15750045e-02  1.46125001e-01 -4.29499983e-02 -3.00499978e-02
  1.42149996e-01 -1.01024999e-01  1.28049997e-01  2.02400000e-01
  2.65850000e-01 -1.53799998e-01  4.63500004e-02  1.41375001e-01
 -3.59999925e-02 -5.13500022e-02 -1.59350004e-01 -1.55249964e-02
  6.56750034e-02  6.97250012e-02  1.77950000e-01 -1.19324996e-01
 -8.56999997e-02  2.75049996e-01 -6.31500082e-02 -2.26749999e-01
 -2.03500006e-02  2.12100002e-01  2.22675006e-01 -3.16724986e-01]"
砂,"[-0.0734  0.2103  0.4222  0.1851 -0.1284 -0.0607  0.3263 -0.3208 -0.2681
  0.2983  0.1113  0.3164 -0.1087 -0.1332 -0.3288 -0.1583  0.0326  0.1081
 -0.3689  0.062   0.2729 -0.1833 -0.2095 -0.0174 -0.1603  0.1649  0.026
 -0.0391  0.2017  0.1218  0.0068  0.1194  0.061   0.0245  0.0692  0.0764
  0.4861  0.1002  0.2612  0.0552 -0.2498  0.0803  0.2429  0.0995  0.1571
  0.3937 -0.3784  0.183  -0.2116  0.1889 -0.4166  0.1425  0.1978 -0.0261
 -0.1998 -0.119  -0.0043  0.0461  0.0539  0.0358 -0.1104  0.1997 -0.2635
  0.1579 -0.1283  0.0952  0.2252 -0.1291 -0.0485  0.226  -0.1674 -0.0988
 -0.2231 -0.0325  0.1219 -0.43   -0.1041 -0.0505 -0.241   0.2643  0.33
  0.438  -0.1143  0.2208 -0.2914  0.4037 -0.0297  0.0242  0.0044  0.2347
 -0.2952  0.0283 -0.2911  0.1534  0.0017 -0.0825 -0.2013 -0.125  -0.2313
 -0.1534  0.4555  0.4051  0.05    0.2027 -0.0492  0.4189 -0.0291 -0.2454
  0.294  -0.0791 -0.2176 -0.0164 -0.036   0.1677 -0.0059 -0.0778 -0.34
 -0.0977 -0.0595 -0.0304  0.3992  0.1839  0.0226  0.1398  0.2504  0.2122
 -0.113   0.2006 -0.3273  0.0224  0.1348  0.0379 -0.0829 -0.3262  0.285
 -0.0944  0.1334  0.2041 -0.2024 -0.1452  0.198  -0.0582  0.0311  0.3463
  0.0224  0.0161  0.2094 -0.266  -0.3308  0.1042  0.4041 -0.0181  0.1672
 -0.186  -0.1165 -0.2001 -0.2077  0.1826  0.2524  0.2156 -0.0201  0.1641
  0.0124 -0.4775  0.0413 -0.0994  0.0915  0.1927  0.062   0.0374  0.3739
  0.0934  0.016  -0.0155 -0.138   0.0222 -0.0904  0.2182  0.0655  0.2628
  0.3344  0.0119  0.481   0.0953 -0.2611 -0.0628 -0.262  -0.2978  0.1166
  0.1759 -0.0761  0.128  -0.061   0.3098  0.0976  0.0263 -0.0725  0.0375
  0.0596 -0.3486 -0.0471  0.0516  0.0629  0.1319  0.0095  0.06   -0.174
  0.0147 -0.0724 -0.0444 -0.1392  0.0442 -0.1281  0.0054  0.5073 -0.2443
  0.002  -0.7274  0.0991 -0.0111 -0.0268  0.1278  0.1375 -0.1457 -0.1426
 -0.1205  0.2657 -0.0319  0.1069  0.2059 -0.1964 -0.1731 -0.3276  0.0656
 -0.2757  0.223  -0.3911  0.1205  0.0386 -0.5008  0.0187  0.1414 -0.0581
 -0.3924  0.3083 -0.2397 -0.0414  0.2113 -0.0544 -0.1782 -0.014  -0.6041
 -0.0545  0.0586 -0.0137  0.3064  0.1725  0.039   0.3511 -0.0863  0.1896
  0.0441 -0.0302 -0.0934 -0.3271 -0.145  -0.4271 -0.0943  0.005  -0.1032
  0.4465 -0.124  -0.0903 -0.0489  0.0707 -0.2925 -0.0186 -0.0329 -0.046
 -0.2194 -0.159  -0.0633 -0.3749 -0.0521  0.0332 -0.1179  0.1279  0.0041
 -0.3558 -0.3032  0.2006 -0.1639 -0.046  -0.2031 -0.0449  0.3027 -0.4378
  0.0764 -0.3908 -0.1042]","[-8.41999973e-02  1.87566667e-01  4.38599996e-01  2.60233338e-01
 -1.47133331e-01 -7.30333328e-02  3.12199997e-01 -3.29433340e-01
 -3.06499994e-01  3.87133333e-01  1.69566666e-01  2.96699992e-01
 -8.61000009e-02 -9.89333385e-02 -3.76733328e-01 -1.77266664e-01
 -1.58333350e-02  1.29399996e-01 -4.65966667e-01  7.16666654e-02
  2.43899985e-01 -1.95300004e-01 -2.69566668e-01 -6.37999997e-02
 -1.43333334e-01  1.59233339e-01  4.84666650e-02  7.72000030e-02
  1.60533336e-01  1.99233331e-01  6.03000023e-02  2.04933335e-01
 -3.78333343e-02  2.33333328e-02  7.56666685e-03  1.27066664e-01
  5.30866655e-01  7.12999962e-02  2.21033345e-01  6.87999986e-02
 -2.42066663e-01  1.31766668e-01  2.21933332e-01  1.08800001e-01
  1.97233342e-01  2.91933338e-01 -4.20066665e-01  1.74766665e-01
 -1.86100005e-01  2.73833329e-01 -4.02033322e-01  1.28633331e-01
  1.91933329e-01  9.63333435e-03 -1.47633334e-01 -8.64000022e-02
 -3.43333309e-03 -4.67333334e-02  1.05166665e-01  1.52333329e-02
 -9.49666649e-02  1.65466664e-01 -2.45633339e-01  2.19833339e-01
 -1.52199998e-01  9.42000027e-02  2.72766665e-01 -1.53199995e-01
 -5.59333339e-02  2.76733331e-01 -1.34000002e-01 -1.18266670e-01
 -2.21733340e-01  3.21333321e-02  1.17666667e-01 -4.58500007e-01
 -4.81999964e-02 -4.16666679e-02 -3.33033328e-01  2.28799989e-01
  2.62266678e-01  4.87533326e-01 -1.50233332e-01  2.17333332e-01
 -3.40199985e-01  3.64733328e-01 -7.21333337e-02 -5.20000141e-03
 -4.93333365e-03  2.69799994e-01 -3.44299989e-01  8.14333316e-02
 -3.15899995e-01  1.56400004e-01  1.71666662e-02 -6.45333371e-02
 -2.31666662e-01 -1.45966666e-01 -2.47533330e-01 -1.08600005e-01
  5.35600009e-01  4.95366658e-01  1.25800002e-01  2.26866670e-01
 -4.02999986e-02  5.12666680e-01  5.00333309e-02 -2.90533330e-01
  2.09433332e-01 -8.05666645e-02 -2.22433336e-01 -3.00666659e-02
 -8.04666666e-02  1.69966659e-01 -1.86666691e-03 -9.29333319e-02
 -4.59766671e-01 -7.07333323e-02 -8.66666685e-02 -7.20000081e-03
  3.49099992e-01  2.11333333e-01  4.08000013e-02  5.03666624e-02
  2.67866672e-01  2.40233337e-01 -1.30399998e-01  2.11666665e-01
 -3.23033345e-01  7.05666666e-02  4.16000014e-02 -9.93333121e-03
 -5.70333370e-02 -3.88966672e-01  2.90966665e-01 -1.47733339e-01
  4.30666593e-02  2.52399998e-01 -2.36333330e-01 -1.30733332e-01
  1.41266664e-01 -4.97333345e-02  1.11333331e-01  3.52966674e-01
  9.76999998e-02  4.82333349e-02  1.65699998e-01 -2.49066668e-01
 -3.94866665e-01  1.16399998e-01  4.76966667e-01  1.02333321e-02
  1.53133331e-01 -2.78900005e-01 -9.31333316e-02 -1.84133339e-01
 -1.58933333e-01  1.58533340e-01  3.30866676e-01  1.59499999e-01
 -7.66666575e-03  1.42533340e-01 -1.63666662e-02 -5.14133326e-01
  1.42666647e-02 -8.92999986e-02  8.81999979e-02  1.76066666e-01
  4.03666651e-02  6.74000010e-02  3.43833330e-01  1.14733334e-01
  5.91999985e-02  7.04000015e-02 -1.39799997e-01  2.68666657e-02
 -9.71333360e-02  1.32999999e-01  1.16333331e-01  2.84866674e-01
  3.49999997e-01  5.69333335e-02  4.81966672e-01  1.55933329e-01
 -3.03233326e-01 -6.94666641e-02 -2.90833329e-01 -2.33600008e-01
  1.48066666e-01  1.77466664e-01 -1.02399999e-01  1.08166674e-01
 -2.80000145e-03  3.38799999e-01  1.49066665e-01  1.53333348e-03
 -4.56333322e-02  3.54666673e-02  7.33000003e-02 -3.28766666e-01
 -2.45333342e-02  1.16333335e-01  5.82666652e-02  1.26966664e-01
 -9.57000004e-02  4.00666641e-02 -2.65266663e-01  5.87000003e-02
 -7.46000037e-02 -2.33999994e-02 -9.81666694e-02  8.27333331e-02
 -6.43333246e-02 -2.65333323e-02  5.29666687e-01 -2.53899993e-01
 -6.93333296e-03 -9.74133343e-01  6.87000006e-02 -2.25666662e-02
 -8.71666670e-02  7.53333370e-02  1.33833336e-01 -1.46266660e-01
 -1.68433333e-01 -1.18166665e-01  2.60100012e-01 -8.90333317e-02
  7.62666663e-02  1.47899998e-01 -1.19000000e-01 -1.85366661e-01
 -4.38666672e-01  4.76000003e-02 -2.53900003e-01  2.41933337e-01
 -5.37799994e-01  6.94666665e-02  2.16666684e-02 -5.15233346e-01
  3.73000000e-02  1.12599996e-01 -5.48000000e-02 -4.06599997e-01
  2.79866654e-01 -3.22133337e-01 -1.46666666e-02  2.10800000e-01
 -3.08999998e-02 -1.79866673e-01 -1.93333350e-03 -7.36499990e-01
 -1.67633330e-01  8.78333338e-02 -2.93333338e-02  3.52933334e-01
  2.00666667e-01 -1.26666514e-03  3.82566666e-01 -6.18666665e-02
  2.25933338e-01 -1.99999660e-04 -4.66666669e-02 -2.78333376e-02
 -3.42466676e-01 -1.75599996e-01 -4.54266671e-01 -7.34666676e-02
 -6.12666660e-02 -1.40733338e-01  4.68833337e-01 -1.06999997e-01
 -8.00333344e-02 -3.86666656e-02  7.51999974e-02 -3.26299990e-01
  4.20000032e-03 -1.16600001e-01 -7.27666679e-02 -2.81133335e-01
 -1.02933325e-01  3.32000020e-02 -4.14800012e-01 -2.53999991e-02
  2.16999998e-02 -1.17333333e-01  1.24566672e-01 -1.45000010e-02
 -3.76200003e-01 -2.70866672e-01  2.16333332e-01 -2.30466669e-01
 -5.65000015e-02 -1.62333331e-01 -1.30666666e-01  3.19500012e-01
 -4.13366657e-01  4.79999967e-02 -3.84133331e-01 -1.72566667e-01]"
海水,"[ 2.089e-01  4.810e-01  4.238e-01  1.188e-01 -2.567e-01  3.877e-01
  3.026e-01  5.630e-02 -4.938e-01  2.849e-01  1.303e-01  4.656e-01
  3.480e-02 -1.084e-01 -6.382e-01  1.610e-02  1.185e-01 -2.380e-02
 -2.566e-01 -1.775e-01 -1.847e-01 -2.774e-01 -3.244e-01 -1.175e-01
  1.010e-01  1.487e-01 -2.673e-01 -7.590e-02 -9.270e-02 -6.500e-03
  5.210e-02  4.350e-02 -1.367e-01 -1.291e-01 -8.170e-02 -3.233e-01
  2.392e-01 -4.620e-02 -1.553e-01  2.530e-02 -1.805e-01  3.109e-01
 -6.470e-02  5.910e-02  1.106e-01  5.500e-02 -5.208e-01  2.480e-02
  4.970e-02  4.390e-02 -1.821e-01 -6.290e-02 -1.231e-01 -2.678e-01
  2.181e-01 -1.534e-01 -1.220e-01  3.500e-02  1.837e-01 -1.019e-01
 -6.920e-02 -1.888e-01 -3.306e-01 -1.641e-01  6.200e-03  8.910e-02
 -3.110e-02 -3.434e-01 -1.829e-01  1.711e-01  5.020e-02  1.223e-01
 -1.119e-01  1.334e-01  1.714e-01 -2.283e-01 -1.540e-01  1.000e-03
  2.509e-01  3.641e-01  1.777e-01  6.280e-02 -6.300e-02  4.672e-01
 -2.780e-01  6.860e-02  2.324e-01 -3.746e-01  2.160e-02  1.003e-01
  6.580e-02  1.039e-01  2.180e-01  4.148e-01  1.317e-01 -4.098e-01
 -1.946e-01  9.120e-02 -1.288e-01 -2.221e-01  8.250e-02  4.544e-01
 -2.221e-01 -1.651e-01  3.256e-01  6.405e-01 -1.798e-01  3.530e-02
  3.741e-01 -2.137e-01 -6.340e-02  1.281e-01 -1.946e-01 -7.410e-02
 -1.652e-01 -6.300e-03  1.290e-02  1.165e-01 -7.690e-02 -2.221e-01
  4.207e-01  1.222e-01  3.042e-01 -2.020e-02 -8.000e-02 -1.675e-01
  1.158e-01 -1.681e-01 -3.654e-01  5.510e-02 -1.570e-02  8.350e-02
  7.780e-02  2.192e-01 -3.435e-01  2.612e-01  2.085e-01  5.650e-02
 -1.061e-01  7.960e-02  2.232e-01 -1.674e-01  2.146e-01  1.124e-01
 -4.490e-02 -4.743e-01  2.080e-02 -1.021e-01  1.337e-01  1.108e-01
  2.427e-01  3.252e-01  1.028e-01  7.700e-02  3.732e-01 -9.580e-02
  2.010e-01 -4.470e-02 -2.823e-01 -9.560e-02  2.734e-01  1.668e-01
 -2.216e-01 -7.000e-02 -3.563e-01 -1.721e-01 -1.540e-02  2.497e-01
  1.837e-01  3.044e-01  2.910e-02  2.254e-01 -1.415e-01  8.000e-04
  9.230e-02  2.430e-02  2.511e-01  5.820e-02  1.064e-01  2.232e-01
  2.091e-01  2.538e-01  3.714e-01 -1.321e-01  1.505e-01  8.470e-02
 -2.279e-01 -2.176e-01  1.559e-01 -2.391e-01  1.641e-01  2.250e-01
  1.259e-01  7.200e-03  5.340e-02 -9.940e-02  1.120e-02 -3.806e-01
  8.170e-02 -4.962e-01  1.152e-01 -2.560e-01  6.570e-02 -2.935e-01
 -2.897e-01  4.770e-02 -9.710e-02  1.265e-01  7.640e-02  2.400e-03
 -1.600e-02  8.030e-02 -3.146e-01  1.927e-01  2.432e-01 -1.879e-01
  1.959e-01 -9.709e-01  3.030e-02 -1.097e-01 -1.670e-01 -2.576e-01
  4.970e-02 -2.258e-01 -1.752e-01 -4.207e-01  5.052e-01  3.472e-01
  1.168e-01  4.810e-02 -1.925e-01 -2.115e-01 -3.184e-01 -9.600e-02
 -8.270e-02  3.737e-01 -3.444e-01  6.610e-02 -5.520e-02 -2.519e-01
 -1.396e-01 -1.101e-01  3.615e-01 -4.521e-01  5.010e-01 -2.720e-01
  1.688e-01 -1.022e-01  1.851e-01 -1.927e-01 -7.300e-02 -4.608e-01
 -1.003e-01  3.148e-01  9.910e-02  3.210e-02 -1.001e-01 -2.139e-01
  4.250e-02  3.408e-01  3.684e-01 -1.433e-01 -1.040e-01  2.324e-01
 -1.010e-01  2.664e-01  2.150e-01 -3.200e-03 -1.858e-01  2.246e-01
  2.080e-01  8.150e-02 -2.970e-02  3.630e-02  8.400e-03  3.584e-01
  3.810e-02  2.720e-01  2.457e-01  7.700e-02 -4.647e-01 -8.700e-03
 -1.679e-01 -8.780e-02  2.170e-02 -1.349e-01  3.100e-02 -2.444e-01
 -1.488e-01  1.910e-02  3.369e-01 -3.559e-01 -9.580e-02  6.900e-03
 -1.215e-01 -1.049e-01 -2.857e-01  1.007e-01  2.050e-02  2.522e-01]","[ 0.20465     0.33655     0.49982499  0.01755    -0.13485     0.288175
  0.26275    -0.067925   -0.2267      0.2349      0.13245     0.40930001
 -0.085125   -0.027625   -0.61994998  0.042075    0.07085    -0.067025
 -0.190425   -0.1096     -0.228625   -0.28409999 -0.35655    -0.052875
  0.10555     0.13805    -0.139475    0.05815    -0.138525    0.0683
  0.0246     -0.0617      0.0043     -0.207025    0.13645    -0.076575
  0.12059999  0.084      -0.16575    -0.0234     -0.2796      0.20815
 -0.095375    0.044275    0.082475    0.0971     -0.2454     -0.052675
  0.011775    0.197675   -0.142      -0.09285    -0.005125   -0.187925
  0.064      -0.032      -0.068175    0.21767499  0.0851     -0.017
 -0.078825   -0.16907501 -0.32397499 -0.08835     0.1129      0.008025
  0.0619     -0.22335    -0.138525    0.24765    -0.006175    0.057225
 -0.057875    0.0872      0.165825   -0.0862     -0.060525    0.01495
  0.1285      0.35695     0.105975    0.064075   -0.10255     0.3718
 -0.279625    0.1841      0.138375   -0.30465     0.140975   -0.058725
 -0.0252      0.265575    0.107525    0.3686      0.232925   -0.38317499
 -0.1617      0.02795    -0.190225   -0.21115    -0.0205      0.46745
 -0.165975   -0.155525    0.38715     0.69917501 -0.19652501  0.03505
  0.3517     -0.1351     -0.0631      0.06155    -0.24129999 -0.2009
 -0.139725    0.0395     -0.0465      0.156925   -0.0161     -0.182175
  0.22155001  0.238625    0.250425   -0.005525   -0.012675   -0.222175
  0.164025   -0.1716     -0.24674999  0.0091      0.0692      0.149025
 -0.0281      0.003925   -0.29137499  0.35750001  0.193825   -0.01445
 -0.077075    0.1498      0.08145     0.074375    0.194175    0.05402501
 -0.11155    -0.48620001 -0.066375   -0.1195      0.091775   -0.0576
  0.37544999  0.21555     0.051725    0.15185     0.4529     -0.15585
  0.091825    0.105125   -0.1999     -0.005125    0.14332501  0.067175
 -0.25965    -0.029925   -0.13874999 -0.21292499 -0.059875    0.188725
  0.35992501  0.2347     -0.0115      0.092025   -0.115775    0.0173
  0.076875    0.02475     0.276875   -0.023525    0.040575    0.1446
  0.1158      0.2283      0.328675   -0.10245     0.13965    -0.0229
 -0.216175   -0.13565     0.0938     -0.18759999  0.118025    0.229675
  0.238325    0.005525    0.2182     -0.04725     0.025175   -0.339725
  0.09385    -0.333975   -0.0013      0.00442499  0.04275    -0.332925
 -0.15465     0.01345    -0.11689999  0.24829999  0.04695     0.0319
 -0.13225     0.06205    -0.16345     0.132625    0.26810001 -0.096
  0.093275   -1.21215     0.19555    -0.126925   -0.063875   -0.096825
 -0.0458     -0.107225    0.12545    -0.28207501  0.26392501  0.1931
  0.1313      0.04395    -0.148625   -0.102475   -0.326975   -0.13695
 -0.111375    0.309575   -0.33187499  0.09335    -0.023125   -0.14919999
 -0.19145     0.035025    0.312425   -0.52022501  0.44162499 -0.24837501
  0.158075   -0.27682501  0.162975   -0.1476     -0.137675   -0.41702499
  0.04075     0.339175    0.077775   -0.010425   -0.01375    -0.129125
 -0.09305     0.31867499  0.2824     -0.069075   -0.064975    0.0056
 -0.089925    0.27022501  0.225325   -0.0106     -0.39685001  0.0383
  0.0364      0.08605    -0.1421      0.2672     -0.1047      0.26339999
  0.038475    0.33757501  0.11165     0.0292     -0.27335001  0.0797
 -0.24085    -0.042825    0.14965    -0.21950001  0.041975   -0.26695
 -0.1982     -0.011925    0.26982499 -0.340725   -0.0591      0.084225
 -0.00565    -0.0674     -0.18775     0.111025   -0.0151      0.224125  ]"
砂利,"[-2.2800e-02  9.3200e-02  7.9000e-02  2.4930e-01 -2.6530e-01 -3.5500e-02
  3.3000e-01 -4.6010e-01 -1.9140e-01  2.7510e-01  1.1920e-01  2.5120e-01
 -5.4400e-02  1.4570e-01 -4.0230e-01  3.3400e-01  1.7200e-02  1.0010e-01
 -1.5650e-01 -6.0000e-02  2.0490e-01 -1.1040e-01 -2.7560e-01  3.4500e-02
 -1.5200e-01  2.1470e-01 -2.5240e-01 -2.3990e-01  1.3190e-01  1.4610e-01
 -2.8000e-03 -5.7600e-02 -2.3980e-01 -1.6580e-01  1.2210e-01  2.9500e-02
  3.6200e-02 -2.3290e-01  1.5990e-01 -7.0000e-04 -4.5470e-01 -2.8900e-01
  1.9580e-01  3.1920e-01  1.9440e-01 -3.8600e-02 -1.0080e-01  6.2300e-02
 -9.8800e-02  3.6430e-01 -2.0020e-01  2.7720e-01  3.5670e-01  4.0420e-01
 -2.9700e-02 -1.2860e-01 -9.8300e-02 -4.4900e-02  2.2680e-01 -2.7290e-01
 -2.9790e-01  4.5500e-02 -3.3840e-01 -7.5200e-02 -1.0100e-02  2.8530e-01
  3.7850e-01 -3.2510e-01 -7.1000e-02  2.7030e-01  1.9370e-01  8.9900e-02
  5.2900e-02 -2.4960e-01  1.1710e-01 -1.8150e-01 -1.7110e-01 -2.7630e-01
 -3.7970e-01 -9.3400e-02  3.1100e-01 -5.5900e-02 -1.4220e-01  6.3900e-02
 -3.2780e-01  3.0710e-01  2.0630e-01 -2.8400e-02  2.8600e-01 -2.2340e-01
 -2.4200e-02 -2.5360e-01  8.4200e-02  4.5510e-01 -3.1870e-01  2.1380e-01
 -1.4600e-01  3.9200e-02 -3.8580e-01 -1.9380e-01  7.4600e-02  4.0710e-01
  2.9400e-02 -1.5410e-01  3.2290e-01  4.6070e-01 -1.1420e-01 -6.6800e-02
  3.0470e-01 -2.1050e-01 -2.2890e-01 -4.6500e-02  1.2770e-01  1.5650e-01
  9.2800e-02 -3.2840e-01  3.8700e-02 -1.9680e-01 -1.2810e-01 -2.3610e-01
  1.5770e-01  5.0000e-04  2.3260e-01 -2.2940e-01  2.3150e-01 -3.7100e-02
  6.9500e-02  4.2870e-01 -1.9730e-01 -3.3700e-02 -5.0500e-02  1.7500e-01
  4.3530e-01 -1.1060e-01 -3.5800e-02  2.4620e-01  9.9100e-02  3.5070e-01
  1.2350e-01 -1.7040e-01 -1.0200e-01  5.1300e-02  9.5100e-02 -1.9980e-01
  1.7080e-01 -5.7900e-02  1.3720e-01 -1.0460e-01 -5.2480e-01 -9.0000e-03
  4.6750e-01 -9.1600e-02  3.2450e-01  1.0000e-02  2.5770e-01 -1.8300e-01
 -1.9370e-01  2.1080e-01  1.5100e-02  6.3500e-02 -8.9900e-02  2.8500e-02
  1.2200e-02 -3.4100e-01  2.2160e-01 -2.8670e-01  1.6800e-02  3.1020e-01
 -1.1580e-01  3.0840e-01  1.1710e-01  3.0960e-01  9.6800e-02 -8.4300e-02
 -9.4400e-02 -1.2890e-01  2.5540e-01 -1.0000e-01 -2.2890e-01  4.1480e-01
 -9.1600e-02  4.4100e-02  3.8070e-01  3.2300e-02 -2.5380e-01  3.0010e-01
 -2.1320e-01 -9.9800e-02  2.9200e-01  3.3730e-01  1.1460e-01  1.8050e-01
  1.1950e-01  6.8000e-02  3.9000e-02  2.4700e-01  7.2900e-02 -1.1270e-01
  2.4520e-01 -2.3360e-01 -5.6000e-02  2.0720e-01  3.2300e-02 -3.2500e-02
 -1.0600e-02 -7.0600e-02  1.2430e-01 -2.9000e-03  5.0000e-02 -3.7210e-01
 -4.1140e-01  3.1400e-01  4.9500e-02  4.3660e-01  2.4290e-01 -2.1910e-01
  2.2520e-01 -1.0366e+00  1.0500e-01  1.3680e-01  4.2000e-02  1.7420e-01
  9.6000e-03  3.1300e-02 -2.6720e-01 -1.2500e-01  3.2710e-01  1.5100e-01
  1.3330e-01  1.2570e-01 -2.2180e-01  1.7800e-02 -2.7030e-01  1.6200e-02
 -2.2370e-01  4.4200e-02 -3.6080e-01  1.6030e-01  2.7740e-01 -4.5750e-01
 -1.7270e-01 -2.0900e-02  1.8200e-01 -4.9450e-01  3.9910e-01 -3.0730e-01
 -1.9610e-01 -1.8650e-01  6.3800e-02 -3.6970e-01  7.6000e-03 -5.7910e-01
 -3.0240e-01  2.9570e-01  1.9710e-01  2.2870e-01  7.8600e-02  1.4820e-01
  1.6890e-01  4.0600e-02 -8.2600e-02  3.3800e-02  3.0480e-01  7.7900e-02
 -4.7310e-01 -1.2510e-01  3.8800e-02  5.0000e-04 -2.7300e-02 -8.2500e-02
  4.0740e-01 -2.0310e-01 -9.6000e-03  1.5050e-01 -1.3380e-01  8.6200e-02
  4.9720e-01  5.3900e-02 -1.8040e-01  3.0170e-01 -2.5300e-01  2.0560e-01
  1.8810e-01  3.6100e-02  1.7090e-01 -4.1370e-01 -1.3820e-01 -3.6200e-01
  6.2900e-02 -7.8600e-02  8.2400e-02  1.0510e-01 -2.0540e-01  9.5000e-03
 -1.6160e-01  1.0800e-01 -4.7130e-01  1.2600e-02 -2.5300e-02  1.2400e-01]","[-1.89420003e-01  1.03079998e-01  3.15219997e-01  1.29999998e-01
 -1.53360001e-01 -2.40399987e-02  8.35600019e-02 -3.51280004e-01
 -3.08739993e-01  2.88000000e-01  1.14739999e-01  9.17799979e-02
 -1.85320000e-01 -3.34000140e-03 -3.57499999e-01  1.39420000e-01
  3.00000004e-02  3.09600025e-02 -2.79899994e-01 -1.57960001e-01
  2.25199994e-02  4.05599974e-02 -3.33319992e-01 -5.74799992e-02
  8.97000000e-02  1.14960002e-01 -1.55300001e-01 -1.23279997e-01
 -6.69999868e-03  1.02899999e-01  3.12000038e-03  3.00199989e-02
 -1.16640002e-01 -3.31999958e-03 -3.53599982e-02  7.48199984e-02
  1.37919997e-01 -5.14000244e-03  2.24700001e-01  7.93000010e-02
 -1.98079997e-01 -2.35320006e-01  2.58280003e-01  1.94260001e-01
  8.15599997e-02  1.34800005e-01 -1.78599999e-01  1.59640003e-01
  1.43759997e-01  7.27600031e-02 -5.24000078e-03  1.59600049e-02
  5.23000002e-02  1.75319997e-01  2.89999768e-03 -1.03320000e-01
 -1.39400002e-02 -1.27579999e-01  5.32399967e-02 -1.08800000e-01
 -1.64119999e-01 -1.62400001e-01 -2.37080000e-01  7.83999994e-02
  1.30500003e-01  2.49019996e-01  1.80320000e-01 -2.38099998e-01
 -1.52840002e-01  1.25460000e-01  1.19460002e-01  1.77780005e-01
  1.59379998e-01 -1.04599986e-02  1.23040000e-01 -2.88460001e-01
 -1.43000002e-01 -1.49840000e-01 -8.89400050e-02  1.05300002e-01
  2.92099996e-01 -6.60799994e-02 -9.59799984e-02  2.34000012e-03
 -3.43100002e-01  1.85479999e-01  1.90719999e-01  6.75799981e-02
  8.54600010e-02 -1.84380001e-01 -2.57320006e-01 -1.09740001e-01
  7.93400012e-02  2.50300001e-01 -1.66119996e-01 -3.10000107e-03
 -2.28199998e-01  1.26000001e-01 -2.71720003e-01 -1.32420000e-01
  2.24620005e-01  3.43920004e-01 -9.15000003e-02 -1.10180000e-01
  1.06680002e-01  4.19540006e-01 -9.59400021e-02 -9.57999997e-02
  2.08999994e-01 -1.11199993e-02 -1.85140004e-01 -7.22000063e-03
 -5.20000607e-04  1.08080000e-01  1.01219998e-01  5.77000022e-02
 -8.58200007e-02 -1.08420001e-01 -1.44199999e-01 -1.65580001e-01
  1.11040001e-01 -2.45999994e-02  9.03400013e-02 -1.62160000e-01
  1.03460001e-01 -1.20800003e-01  2.17799999e-02  1.98280003e-01
 -3.18999997e-01  4.15200017e-02 -2.32200000e-02 -1.20680004e-01
  2.61019997e-01 -1.74640003e-01 -1.35940004e-01  1.59800000e-01
  1.61680004e-01  1.25120000e-01  2.18019998e-01 -5.71399972e-02
  1.56200025e-02 -5.40200002e-02  4.98000011e-03  1.86000012e-02
  2.60002911e-04 -1.86399989e-02 -1.50000043e-03 -1.56379998e-01
 -1.60740001e-01  1.47680003e-01  1.84419997e-01  8.17600006e-02
  2.01499996e-01  1.20480000e-01  1.66039999e-01 -9.85399976e-02
 -1.29999998e-01  1.61360003e-01  8.17199979e-02  1.36500001e-01
 -1.05540000e-01  4.50600006e-02  4.62000028e-02 -3.03639995e-01
  1.12199996e-02  4.25999761e-03  8.09800003e-02  2.45200001e-01
 -8.35800007e-02  8.02600041e-02 -9.77999978e-03  7.44199991e-02
 -2.06199992e-02  1.33260000e-01  5.80000877e-04 -1.11620001e-01
  8.25599976e-02  1.14999995e-02 -6.18799989e-02  6.97599975e-02
  1.42799988e-02 -1.64399999e-01  2.59340000e-01  4.97400008e-02
 -1.94000009e-01 -8.93200010e-02 -2.09700002e-01 -1.85720003e-01
  2.67179996e-01  2.24760003e-01 -5.24799995e-02  6.15399994e-02
  1.39000000e-01  1.52000004e-02  8.96999999e-02 -2.00019997e-01
  4.83000001e-02 -4.22400013e-02  1.09679998e-01 -1.13040004e-01
 -5.56000064e-03  4.53200009e-02  8.90199997e-02 -1.24820001e-01
  5.03400015e-02  4.49599989e-02 -4.70400013e-02 -2.62000212e-03
  8.65200005e-02 -2.31220001e-01 -3.20099999e-01  2.73660001e-01
 -1.10379999e-01  1.44440002e-01  1.50459999e-01 -4.10399973e-02
  1.24239999e-01 -9.43359983e-01  1.79960003e-01  6.16000034e-03
 -1.99999996e-02  2.96199992e-02  6.92000017e-03  8.47399987e-02
 -3.14299999e-01 -2.69339999e-01  1.96340002e-01  6.38000011e-02
  1.44820002e-01  2.53799997e-02 -2.27999997e-01 -5.99800001e-02
 -3.10540003e-01  2.19859995e-01 -6.07999980e-02  1.28100001e-01
 -3.37060007e-01  5.37399992e-02  7.38199972e-02 -1.23440003e-01
 -8.24800000e-02  4.34000008e-02  1.41759996e-01 -3.81360006e-01
  3.06500003e-01 -2.02599999e-01  1.46200016e-02 -4.15399984e-02
  1.49599995e-02 -1.71980006e-01  1.47600014e-02 -4.67060006e-01
  3.22200015e-02  1.30880002e-01  1.08900002e-01  7.85600036e-02
  1.06160000e-01  9.78400044e-02  2.47820004e-01  1.35060003e-01
  6.09400004e-02 -9.82799985e-02  1.60400003e-02  1.62900002e-01
 -2.81640002e-01 -1.51140000e-01  3.81800011e-02 -7.28000050e-03
 -5.24800003e-02 -2.57400029e-02  1.68119997e-01 -1.41500002e-01
 -4.54600001e-02  3.61200012e-02 -7.34199986e-02 -7.60000050e-03
  3.82240009e-01  5.50800033e-02  6.65999997e-02  5.08599997e-02
 -2.40840000e-01  5.85999995e-02 -1.62200015e-02 -1.01920000e-01
  7.56000005e-02 -3.58400017e-02  2.90199995e-02 -2.13859996e-01
 -2.64399991e-02  6.33399978e-02 -4.45999876e-03  3.69600005e-02
 -6.38800014e-02 -3.19800038e-02 -1.15899998e-01 -4.07400012e-02
 -1.01280001e-01  3.91000012e-02  9.20999996e-02  7.42000192e-03]"
大波,"[-0.2119  0.0961  0.6333 -0.1416  0.0403 -0.0177  0.2732 -0.0059 -0.5035
  0.2322  0.1362  0.0315 -0.0271 -0.251  -0.3046  0.423  -0.1077  0.1277
 -0.1545 -0.0152 -0.2349 -0.052  -0.399   0.0032  0.0466  0.0484 -0.1818
  0.0974 -0.254  -0.1688  0.0348 -0.112   0.4678 -0.2908 -0.3943 -0.0172
  0.2668 -0.112   0.1414  0.0466 -0.0158 -0.0859  0.0437 -0.1714 -0.1016
  0.2259 -0.0544 -0.1687  0.1576 -0.5591  0.2328 -0.0668 -0.2304  0.1247
 -0.46   -0.1545  0.3117 -0.4415 -0.1294 -0.1395  0.0473 -0.0775 -0.2493
 -0.1601  0.0193  0.1205 -0.1949 -0.041  -0.0527  0.2272 -0.2378  0.2123
  0.0765  0.4126  0.248  -0.1744 -0.2747  0.1485  0.0384  0.2199  0.235
  0.0923 -0.1244  0.2436 -0.4365  0.2027 -0.3378 -0.3068  0.0891  0.0601
 -0.2377  0.2637  0.3023  0.3296  0.1459  0.0836 -0.0708  0.0472 -0.0152
 -0.2606 -0.126   0.4339  0.0254 -0.0148  0.3185  0.3014 -0.0018 -0.3927
  0.0169 -0.3437 -0.2203 -0.0769 -0.4161 -0.0337 -0.1492  0.3718 -0.3473
 -0.0142 -0.4412  0.1412  0.1105 -0.3464 -0.1233  0.2311  0.2732  0.0492
 -0.0259  0.1091 -0.2415 -0.2998  0.0396  0.0801 -0.1408 -0.0092 -0.128
 -0.1655  0.044  -0.1826  0.2743 -0.1985  0.1078 -0.4673  0.0498 -0.0208
 -0.2147  0.0702  0.3475 -0.1276 -0.0607  0.5344  0.0131  0.3414 -0.0168
 -0.0375  0.2068  0.1776  0.1412  0.0071 -0.5346  0.2688 -0.3809  0.0378
  0.0097 -0.0494 -0.2922 -0.2037 -0.2814 -0.004  -0.398   0.3123 -0.3013
 -0.3416 -0.0405  0.1659  0.0722 -0.2377 -0.4139  0.148   0.1403 -0.1361
  0.0851  0.0978  0.2376 -0.3531  0.0371 -0.2998  0.0353 -0.1372  0.2019
  0.0172 -0.2089  0.1457 -0.155  -0.1542  0.3226  0.1368  0.2478 -0.0689
 -0.2732 -0.1387  0.2828 -0.6443 -0.2311 -0.2147  0.0535  0.1444  0.033
 -0.1086  0.2783  0.0752 -0.268  -0.0236 -0.2725 -0.2439  0.2067 -0.0983
  0.1017 -0.8816 -0.047  -0.0659 -0.03    0.0394  0.2099  0.1053 -0.0239
 -0.25    0.2252 -0.0606  0.326  -0.0349 -0.1868 -0.3264 -0.1322 -0.2914
  0.2114  0.4059 -0.2723  0.0421 -0.4023 -0.08   -0.2443 -0.4564 -0.0307
 -0.3481  0.157  -0.3103  0.0721  0.1812 -0.0349  0.1412 -0.1296 -0.2803
  0.2602  0.1754  0.0078 -0.0035  0.0099 -0.1891  0.0522  0.0426  0.4676
 -0.3312 -0.0931 -0.2787  0.0788 -0.0881 -0.365  -0.467   0.1442 -0.008
  0.1184  0.2121  0.0686  0.3458 -0.0802  0.1083  0.1633  0.0251  0.2565
 -0.0386 -0.1936  0.1562  0.0932  0.4248  0.1929  0.2248 -0.0522  0.0621
 -0.3726 -0.0276 -0.1909  0.1176  0.1625 -0.1061  0.0286  0.0517 -0.1867
  0.0077 -0.216  -0.2094]","[-0.21893334 -0.0143      0.41773334 -0.01973333  0.17633333  0.03076667
  0.27966667 -0.18496667 -0.422       0.2686      0.12816667  0.04843333
 -0.0104     -0.0446     -0.18756667  0.26013334 -0.06276667  0.03863333
 -0.2331      0.14803333 -0.1418     -0.14853334 -0.26313333  0.0755
  0.09316667  0.2122     -0.24256666  0.1494     -0.26813334  0.08613333
 -0.055      -0.14086666  0.11313333 -0.03773334 -0.16636667  0.07973333
  0.1509     -0.0417      0.17353334 -0.0776     -0.06186667  0.0556
  0.03616667  0.1774     -0.0533      0.27903333 -0.03033333 -0.11273333
  0.13916667 -0.14706666  0.08816667 -0.0461     -0.10233333  0.08376667
 -0.27663333 -0.06063333  0.22893333 -0.2649      0.08736667 -0.06883334
 -0.0376     -0.10646667 -0.2076     -0.00206667 -0.04656667  0.00286666
 -0.09516667 -0.01706667 -0.24093334  0.2574     -0.11616667  0.07106667
 -0.19166667  0.24236667  0.2337     -0.15373333 -0.16566666  0.127
 -0.07406667  0.25416667  0.056       0.2014     -0.102       0.30186667
 -0.41820001  0.0589     -0.12446667 -0.43403332 -0.0711      0.00786667
 -0.02656667  0.32026666  0.1972      0.3071      0.24553334 -0.0825
 -0.1059     -0.0224      0.12423333 -0.17763333  0.01963334  0.37406667
 -0.0158      0.03916667  0.28230001  0.18476667 -0.02903333 -0.2592
 -0.04773334 -0.24983334 -0.26143333 -0.03173333 -0.16066666  0.0769
 -0.0302      0.2611     -0.18846666  0.0338     -0.45393334  0.04056667
  0.13846667 -0.24616667  0.04293333  0.03126667  0.04433333  0.2051
  0.0515      0.06483333 -0.2179     -0.17643333 -0.12909999 -0.02733333
 -0.17236666  0.0057     -0.12483333 -0.04393334  0.0987     -0.08333333
  0.2347     -0.0548      0.1277     -0.35393333  0.0184      0.05386667
 -0.00546667  0.03733333  0.1776     -0.15813333 -0.0449      0.3293
  0.1024      0.29393333 -0.02736666 -0.1459     -0.02543333  0.1628
  0.0935      0.13796666 -0.37450001  0.1474     -0.32673334 -0.0113
 -0.0351     -0.01076667 -0.20066666 -0.1212     -0.1861      0.0474
 -0.2564      0.10663333 -0.1449     -0.17306667 -0.12656666  0.23796667
 -0.00426667 -0.11956666 -0.11853333  0.0556      0.13093334 -0.02526666
 -0.10186666  0.1361      0.25023334 -0.23056667 -0.05313333 -0.2763
 -0.02433333 -0.11596667  0.09856667 -0.05686667 -0.16273333  0.05433333
 -0.00106667 -0.23673333  0.24006667  0.1413      0.06223333 -0.12933333
 -0.0709      0.10570001  0.15916666 -0.51413332 -0.14983333 -0.1201
  0.0074      0.0505     -0.0877      0.06686667  0.13596666  0.00976667
 -0.00746667 -0.0028     -0.24376667  0.01106666  0.18249999  0.06416666
 -0.08313333 -0.91423335  0.0302     -0.2634     -0.11783333 -0.06706667
  0.23943333  0.0559     -0.00426667 -0.1935      0.2555     -0.10786666
  0.1314     -0.12243333 -0.13653333 -0.17340001 -0.19006667 -0.12916666
  0.16823334  0.32556666 -0.31960001 -0.08579999 -0.10706667 -0.28503334
 -0.25476666 -0.15806667  0.06913333 -0.2333      0.1159     -0.25879999
  0.06096667  0.24336667  0.00993333 -0.10406666 -0.0967     -0.24279999
  0.15813333  0.13483333 -0.1565      0.18076666  0.1227     -0.2182
  0.1645      0.22256666  0.23929999 -0.19536667 -0.09056666  0.09793333
  0.17639999  0.07076667 -0.21323334 -0.30453334 -0.0169      0.03603333
  0.0531      0.0298      0.10323334  0.22010001 -0.04496667  0.03206667
  0.03746666  0.04586666  0.10436667 -0.067      -0.2451      0.09723333
 -0.10623333  0.32820001  0.17303334 -0.0337     -0.15973333  0.04876667
 -0.1794     -0.1476     -0.1075     -0.02656666  0.22299999 -0.15606666
  0.13516667 -0.16153333 -0.0567      0.03       -0.16556667 -0.08006667]"
海岸,"[-2.432e-01 -1.850e-02  3.427e-01 -9.450e-02 -2.531e-01  3.611e-01
  3.312e-01 -2.207e-01 -2.108e-01  3.140e-01 -3.500e-03  3.131e-01
  5.600e-02  2.503e-01 -5.370e-01  1.393e-01  1.210e-01  1.173e-01
 -2.428e-01 -8.210e-02 -1.016e-01 -8.490e-02 -4.663e-01  9.390e-02
  1.129e-01  5.220e-02  7.830e-02 -1.340e-01  6.520e-02 -5.290e-02
  3.870e-02 -1.673e-01  1.586e-01 -2.835e-01 -1.301e-01  2.074e-01
  3.177e-01 -2.220e-02 -1.214e-01 -2.585e-01 -2.361e-01  3.880e-02
 -5.780e-02 -2.212e-01  2.783e-01  1.368e-01 -2.448e-01 -1.502e-01
 -2.790e-02  2.364e-01 -1.984e-01  8.770e-02 -1.460e-02  6.650e-02
 -2.900e-02 -4.910e-02  1.998e-01 -3.266e-01  1.225e-01 -4.600e-02
 -1.452e-01 -2.440e-02 -2.487e-01 -1.723e-01  2.631e-01  2.306e-01
 -4.520e-02  2.590e-02 -3.220e-02  6.810e-02  8.570e-02  2.699e-01
 -1.136e-01 -1.595e-01  7.500e-02  1.650e-01  1.840e-02 -6.480e-02
 -1.907e-01  3.805e-01  3.835e-01  2.026e-01 -1.900e-02  3.020e-02
 -2.740e-02  7.200e-02 -1.598e-01 -1.424e-01 -3.290e-02 -3.566e-01
 -3.505e-01  3.960e-02  1.092e-01  2.529e-01  2.085e-01 -1.227e-01
 -2.951e-01  2.252e-01 -1.440e-01 -6.840e-02  1.777e-01  3.037e-01
 -1.660e-02 -1.549e-01 -1.036e-01  4.639e-01 -2.224e-01 -1.740e-02
 -4.920e-02  1.757e-01 -9.910e-02 -7.790e-02  1.173e-01 -1.170e-02
  3.900e-03  1.822e-01 -7.640e-02  3.154e-01  1.476e-01 -1.245e-01
  3.579e-01  5.870e-02  3.991e-01  2.493e-01 -1.495e-01 -5.620e-02
  9.810e-02  2.374e-01 -4.446e-01 -1.860e-01  8.180e-02 -1.953e-01
  3.900e-03  9.450e-02 -5.320e-02  2.386e-01  3.294e-01 -5.600e-03
 -1.043e-01  4.560e-02 -1.450e-02 -2.473e-01 -2.046e-01  1.591e-01
  2.701e-01 -6.360e-02  8.590e-02 -1.702e-01  2.901e-01  1.768e-01
  2.023e-01 -3.342e-01  2.476e-01  1.699e-01  4.672e-01 -7.200e-02
 -1.160e-01 -3.800e-03 -3.398e-01  2.193e-01  4.400e-03 -4.300e-02
 -4.420e-02  1.471e-01  1.250e-02 -3.415e-01 -3.317e-01  2.010e-01
 -1.764e-01 -8.490e-02  2.482e-01 -3.650e-02  2.260e-02  1.943e-01
 -1.245e-01  1.990e-02 -2.181e-01  1.380e-02 -1.315e-01 -2.888e-01
  3.064e-01  1.160e-02  3.050e-02  2.000e-04  1.700e-02  2.532e-01
 -9.840e-02 -1.659e-01  5.980e-02  1.684e-01  2.160e-02 -4.760e-02
  1.460e-01 -8.050e-02  2.070e-01 -8.100e-03  1.798e-01  5.010e-02
 -3.260e-02 -1.890e-01 -5.500e-03 -1.765e-01  1.310e-01  2.304e-01
 -2.950e-01 -1.300e-03  2.200e-02  2.200e-03  1.115e-01 -8.240e-02
 -2.662e-01  2.778e-01 -1.743e-01  1.160e-02  3.096e-01 -5.610e-02
  2.920e-02 -8.049e-01  2.510e-01 -2.680e-01  3.200e-02 -2.342e-01
  2.052e-01  3.962e-01 -2.218e-01 -2.054e-01  2.301e-01 -3.430e-02
  1.288e-01  5.550e-02 -1.043e-01  6.840e-02 -3.193e-01  1.798e-01
  1.147e-01  3.113e-01 -4.760e-01  6.920e-02  9.280e-02  1.080e-02
  4.640e-02  1.753e-01  3.547e-01 -3.642e-01  3.636e-01 -1.538e-01
  3.196e-01  3.301e-01  9.020e-02 -3.443e-01 -6.440e-02 -4.294e-01
 -4.831e-01 -1.912e-01  2.711e-01  3.930e-01  6.900e-03  9.600e-02
  4.441e-01  1.982e-01  2.192e-01 -1.555e-01  6.000e-04  2.027e-01
 -1.383e-01  1.450e-01 -1.040e-02 -3.086e-01 -1.182e-01  1.833e-01
  4.780e-02 -1.248e-01  1.404e-01  1.062e-01  1.085e-01 -1.500e-02
  2.604e-01  9.660e-02  4.640e-02  2.131e-01 -1.684e-01  2.837e-01
 -4.200e-02 -2.697e-01 -3.278e-01 -2.799e-01  1.579e-01  9.300e-02
 -2.160e-01  1.455e-01 -2.203e-01 -8.600e-03  5.400e-02  2.901e-01
 -1.098e-01  1.690e-02 -2.124e-01  8.420e-02  1.534e-01  1.644e-01]","[-1.44700002e-01  1.93400010e-02  4.57999989e-01  1.72220004e-01
 -3.98940007e-01  1.43679995e-01  1.88159999e-01 -2.52859995e-01
 -2.93740001e-01  3.03700000e-01  1.86799989e-02  1.05660005e-01
 -4.74600002e-02  1.19139999e-01 -3.51500000e-01  5.78000024e-03
 -9.51999947e-03 -5.77199958e-02 -3.11720003e-01  2.12000005e-02
  1.49199991e-02 -2.37600002e-01 -4.78500015e-01  6.44599993e-02
  1.34179997e-01  1.39600000e-01 -2.40000039e-02  1.31659995e-01
  3.69599989e-02 -1.93800025e-02  9.10399977e-02  5.04999995e-02
  9.91799997e-02 -7.76999962e-02 -2.12219996e-01  1.07159998e-01
  3.60340008e-01  3.08200002e-02  2.83999883e-03 -5.48000026e-02
 -9.62000017e-02  1.98579997e-01  3.34999986e-02 -6.67400017e-02
  3.85399956e-02  2.50580004e-01 -1.99200001e-01  6.32799998e-02
  4.12200011e-02  3.82400000e-01 -2.21439996e-01  7.81199992e-02
 -1.20000029e-02  1.45419999e-01  2.05120000e-01 -1.20999984e-02
  1.70740004e-01 -3.14300002e-01 -1.52400002e-02 -1.00520000e-01
 -1.75680001e-01 -6.23399988e-02 -2.93480000e-01  1.34799995e-02
  2.52700000e-01  1.85399997e-01 -6.85999994e-03 -2.85399992e-02
 -7.98199996e-02  8.30799952e-02 -3.11399989e-02  2.18640001e-01
 -9.81799990e-02  1.68400019e-02  1.35400012e-02  1.50800034e-02
 -1.24079998e-01 -5.03600001e-02 -2.00960000e-01  1.54100000e-01
  2.31100003e-01  2.33760008e-01 -1.39400002e-02  2.78619995e-01
 -2.75540003e-01  5.45999855e-03 -1.18300000e-01 -1.31779999e-01
 -4.34599997e-02 -2.11879998e-01 -1.28339998e-01  1.43319994e-01
  1.65259999e-01  3.18660003e-01  1.40539997e-01 -1.30960000e-01
 -3.69479996e-01  1.26480000e-01 -1.36539999e-01 -9.18600006e-02
  2.42280003e-01  1.29500000e-01  1.25599956e-02 -1.82739999e-01
 -3.85400018e-02  4.86840007e-01 -9.75999981e-02 -1.61040000e-01
 -7.65600003e-02  8.65199994e-02 -2.14800002e-02  1.42460005e-01
  3.34200021e-02  1.00000003e-02 -1.99799990e-02  3.01019993e-01
 -1.85519997e-01  2.21879995e-01 -1.11000001e-01 -1.44000001e-01
  2.12500003e-01 -1.50239997e-01  3.22719997e-01  4.90000039e-02
 -9.82999995e-02  1.76100006e-01  1.19539998e-01  1.59860001e-01
 -2.21019997e-01 -2.46360006e-01  2.88599994e-02 -7.38000005e-02
 -1.16620000e-01  9.75199975e-02 -2.23240003e-01 -3.44199985e-02
  4.03400001e-01 -5.12000062e-03  6.10199988e-02 -3.65600012e-02
 -1.60000026e-03 -2.53559999e-01 -1.06860001e-01  1.05199999e-01
  7.79200003e-02 -1.31460000e-01  1.76820000e-01 -3.59040001e-01
  1.27120002e-01  8.75799999e-02  2.30699998e-01 -1.66840002e-01
  1.93240003e-01 -6.01999946e-03  2.47100005e-01 -2.01780003e-01
 -4.19399999e-02  6.88799998e-02 -2.76740006e-01  1.63799998e-01
 -2.93599990e-02 -7.63399996e-02 -8.01799975e-02  1.53020000e-01
 -4.22399989e-02 -3.97879995e-01 -2.76720005e-01  3.16140001e-01
 -6.90200008e-02  5.16999997e-02  2.29900005e-01 -5.71400024e-02
  1.20220000e-01  2.56640002e-01 -3.25799996e-01  7.65600005e-02
 -4.02199996e-02 -1.37279998e-01 -1.68180004e-01 -1.59439997e-01
  2.87680002e-01 -8.83199976e-02  2.43759998e-01 -1.27600001e-01
 -8.91799957e-02  5.87999980e-02 -1.76100002e-01 -1.98440003e-01
  1.13940002e-01  1.74320002e-01  8.42199989e-02  1.55799970e-02
  1.76200002e-02  6.30400009e-02  1.16480001e-01 -4.19599982e-02
  2.21039996e-01 -5.25199987e-02  2.74999984e-02 -8.49399969e-02
 -1.08799994e-02 -1.87079998e-01  2.13179995e-01  1.14400001e-01
 -1.39199999e-01 -8.79999693e-04  1.08340003e-01  6.03200011e-02
 -3.02439990e-01 -3.16400004e-02 -2.19819999e-01  2.09699996e-01
 -1.51959997e-01 -3.20799957e-02  4.21819997e-01 -1.30059998e-01
  1.90620000e-01 -1.00366002e+00  2.95379996e-01 -3.25839999e-01
  6.59200013e-02 -2.69760004e-01  1.88780001e-01  1.49900002e-01
 -2.13959998e-01 -7.99200010e-02  3.10160005e-01 -1.68239999e-01
  1.73520001e-01  1.64660002e-01 -1.27340001e-01 -3.61399963e-02
 -2.30459999e-01  8.43800038e-02  6.07399985e-02  2.65800002e-01
 -4.15140012e-01  2.50000088e-03  2.15000004e-02 -1.69999994e-02
 -5.35599999e-02  1.70900002e-01  2.21340004e-01 -4.29519999e-01
  9.85199986e-02 -9.39399987e-02  2.09379997e-01  7.31199987e-02
 -3.17999944e-03 -1.20559999e-01 -8.72200031e-02 -4.50640008e-01
 -5.10580004e-01  2.40200009e-02  2.27000004e-01  2.28139998e-01
  6.13600035e-02 -3.01399987e-02  3.54079993e-01  3.92320007e-01
  2.91899994e-01 -1.72000004e-01  4.29199978e-02  1.12260000e-01
 -6.08600028e-02 -6.95799984e-02 -4.04400008e-02 -2.84960002e-01
 -1.10400002e-01  3.36600006e-02  1.93980000e-01 -1.71040003e-01
  7.04800028e-02  1.39199999e-01  7.57000005e-02 -9.68800006e-02
  3.39500000e-01  5.00200016e-02 -2.04679997e-01  3.55000002e-02
 -1.63680002e-01  1.79999996e-01  3.76999997e-02  8.14000025e-02
  8.21000025e-02 -1.67060001e-01  1.44980003e-01 -4.40200016e-02
 -1.28460001e-01  2.75600011e-02 -1.48980001e-01 -5.22799976e-02
  3.25400002e-02  1.88000000e-01 -1.16920000e-01  1.48580001e-01
 -1.03400003e-01  1.45000011e-02  2.06400029e-02  1.71520000e-01]"
海魚,"[-3.99999321e-03  2.35799998e-01  4.82900023e-01  6.69499993e-01
 -2.21900016e-01  1.86799988e-01 -9.39998031e-03 -2.29499996e-01
 -6.63699985e-01  5.83899975e-01  2.65900016e-01  2.58499980e-01
 -1.17000006e-01 -4.22299981e-01 -6.25599980e-01 -1.68500006e-01
  1.99999660e-04 -3.18500012e-01 -6.59500003e-01 -4.63900000e-01
 -1.21000009e-02  5.99000007e-02 -4.49699998e-01  0.00000000e+00
  3.57199997e-01  4.20000032e-02 -2.54100025e-01 -2.77999938e-02
 -5.87300003e-01  2.08000004e-01 -4.43000048e-02 -1.14000000e-01
  4.67999950e-02 -4.56300020e-01 -4.16000038e-02 -7.49999285e-03
  3.94100010e-01 -6.91000000e-02  1.58999994e-01 -4.59100008e-01
  1.31700009e-01  4.94399995e-01  1.95799991e-01 -1.59700006e-01
  5.77000007e-02  6.93599999e-01 -3.30400020e-01  7.09000006e-02
  2.58399993e-01  6.01000041e-02 -2.84600019e-01 -4.45000008e-02
 -1.34499997e-01 -3.94000001e-02  3.92399997e-01 -1.21700004e-01
 -9.09000039e-02 -5.18299997e-01  4.22600001e-01 -2.74399996e-01
 -1.03900000e-01 -2.72000015e-01 -3.41600001e-01 -1.25100002e-01
  2.45999992e-02  1.33099988e-01  2.02800006e-01 -1.89799994e-01
 -3.22000012e-02  3.34700018e-01  2.67499983e-01  4.64699984e-01
 -2.22400010e-01  2.94600010e-01  2.83100009e-01 -4.36800003e-01
 -2.02600002e-01  1.95800006e-01  1.31399989e-01  1.90899998e-01
  3.30100000e-01  2.01000005e-01  3.37999985e-02  4.91499990e-01
 -2.55499989e-01 -7.60999918e-02  1.53600007e-01 -2.39299998e-01
  3.15000005e-02 -4.80300009e-01 -1.38499990e-01  5.47000021e-02
 -5.70000038e-02  1.91100001e-01  6.21999986e-02 -5.56900024e-01
 -4.75699991e-01 -3.76000032e-02 -3.80600005e-01 -1.67799994e-01
 -2.13200003e-01  5.52599967e-01 -3.04899991e-01 -3.45099986e-01
  4.25200015e-01  8.40700030e-01  6.32999986e-02  1.54399991e-01
  5.15999943e-02  1.33400008e-01 -2.39199996e-01  6.12999946e-02
  3.81999984e-02  2.66900003e-01  3.65099996e-01  8.11800003e-01
 -4.53700006e-01  5.37899971e-01 -1.29999965e-03 -2.63000000e-02
  4.50700015e-01 -4.10500020e-01  3.88599992e-01 -2.61000022e-02
 -1.90800011e-01  1.85800001e-01 -1.36299998e-01 -4.58000004e-02
 -5.62600017e-01  2.41999924e-02 -5.48000000e-02 -9.35000032e-02
  1.66299999e-01  1.86399996e-01 -2.76800007e-01 -1.34999976e-02
  5.16000018e-02  1.33399993e-01 -5.33900023e-01  3.47099990e-01
  6.90400004e-01 -3.68999988e-01 -1.74000002e-02 -8.93000066e-02
  3.07099998e-01 -2.73600012e-01  2.27000006e-02 -1.57299995e-01
  2.61000007e-01 -2.15999931e-02  5.01699984e-01  3.29599977e-01
  3.32800001e-01  9.88999903e-02  2.03000009e-02 -4.07899976e-01
 -4.00000066e-02  1.28600001e-01  1.79399997e-01 -1.04499996e-01
  7.60999992e-02 -1.68099999e-01 -3.58999968e-02 -1.34000003e-01
 -4.02899981e-01 -2.05599993e-01 -4.89999950e-02  2.84900010e-01
  2.04499990e-01  2.25299999e-01  3.28500003e-01 -2.97699988e-01
  1.75800011e-01  2.23999992e-01  4.85000014e-01 -8.70000049e-02
  1.07999995e-01  1.66799992e-01  8.67999941e-02  2.66400009e-01
  4.96699989e-01 -2.88900018e-01  6.08900011e-01 -4.01899993e-01
 -1.05399996e-01 -2.61999965e-02 -7.79999942e-02 -4.34300005e-01
  4.74500000e-01  3.70999947e-02 -1.36399999e-01 -1.46500006e-01
  1.49399996e-01 -2.99990177e-04  1.27700001e-01 -3.23199987e-01
  5.33000007e-02  1.84000004e-02  1.38499990e-01 -4.01300013e-01
  2.41799995e-01 -3.27499986e-01  8.99000019e-02  1.32999986e-01
 -3.66599977e-01 -8.68000016e-02  4.15999964e-02  2.44800001e-01
 -7.28000030e-02  6.25000000e-02  3.06299984e-01 -3.19999978e-02
 -2.91999996e-01  2.08000004e-01  5.47500014e-01  1.50599986e-01
 -4.60000001e-02 -1.54460001e+00  2.42799997e-01 -3.38299990e-01
  1.95500001e-01 -1.78499997e-01 -3.33800018e-01  3.93999964e-02
 -9.70999971e-02 -6.10599995e-01  3.17000002e-01  1.17999995e-02
  9.65999961e-02 -5.13399959e-01 -2.29100004e-01 -2.93300003e-01
 -6.04300022e-01 -2.27599993e-01 -1.81099996e-01  3.17000002e-01
 -7.73699999e-01 -5.23800015e-01  1.14999972e-02 -1.80999994e-01
 -1.86199993e-01  4.83999997e-02  3.71000022e-01 -7.29499996e-01
  2.92000007e-02 -2.04499990e-01 -3.28000002e-02  3.76899987e-01
 -3.19900006e-01 -2.24700004e-01  1.35800004e-01 -1.01540005e+00
 -3.35700005e-01 -1.28700003e-01  1.41900003e-01  7.05899954e-01
  1.96500003e-01 -2.81100005e-01  3.69100004e-01  5.24299979e-01
  2.46500000e-01 -1.55200005e-01 -1.75999999e-01  4.56600010e-01
 -2.51800001e-01 -1.82999969e-02 -2.59299994e-01  2.34999955e-02
 -5.06799996e-01 -4.07999903e-02 -8.02000016e-02  5.21999970e-02
 -3.51599991e-01  1.52800009e-01 -2.50600010e-01  5.59399962e-01
 -1.99000016e-02  1.06199995e-01 -3.28099996e-01  2.44700015e-01
 -5.61500013e-01 -2.74199992e-01 -1.48699999e-01 -6.90000504e-03
 -1.70500010e-01 -3.08400005e-01  3.48500013e-01 -3.11999977e-01
 -2.84999996e-01  1.75099999e-01  8.74000043e-02 -3.10699999e-01
  1.86399996e-01 -1.37700006e-01 -4.01200026e-01 -2.25500003e-01
 -3.18599999e-01  5.68000004e-02 -1.90999992e-02 -3.08200002e-01]","[-9.85999675e-03  1.68920001e-01  3.86340006e-01  4.14899995e-01
 -2.52700008e-01  1.21979996e-01  8.39400094e-02 -5.97599968e-02
 -3.26380007e-01  3.21160002e-01  2.24700001e-01  9.71399982e-02
 -4.92800031e-02 -1.42959999e-01 -2.90240001e-01 -8.60599987e-02
  2.40000039e-03 -1.78700002e-01 -3.79180000e-01 -2.47699999e-01
 -8.90000010e-03  1.67339997e-01 -2.98039997e-01  2.41399989e-02
  2.23779999e-01  5.15600026e-02 -1.34000005e-01  7.49600023e-02
 -2.33860003e-01  1.09879997e-01 -2.71000013e-02 -4.95400004e-02
 -1.68200031e-02 -2.36880001e-01 -3.16800028e-02 -1.41399965e-02
  2.45200003e-01 -4.64399986e-02  1.40919999e-01 -2.32620002e-01
  9.12800018e-02  3.64619990e-01  1.55459993e-01 -1.19060000e-01
  6.99999928e-04  3.32560003e-01 -1.88360004e-01 -6.33999996e-02
  2.27200004e-01  2.48260000e-01 -1.08980005e-01  8.10000077e-03
 -7.87600024e-02 -1.15700001e-01  2.14299998e-01 -3.65599997e-02
  6.75999932e-03 -2.41959997e-01  2.26160001e-01 -1.38839999e-01
  2.28600001e-02 -1.70139998e-01 -1.84300002e-01 -1.22920000e-01
  5.43799985e-02  7.36399934e-02  1.25860000e-01 -1.34780002e-01
 -1.08500001e-01  2.24140003e-01  8.48599948e-02  1.80439999e-01
 -1.12520000e-01  1.69439998e-01  1.28660002e-01 -2.33759996e-01
 -9.37200017e-02  1.34379999e-01  4.00399968e-02  9.41400033e-02
  1.89280000e-01  8.29799987e-02 -7.08200037e-02  2.17539996e-01
 -8.10199974e-02 -9.43999626e-03  2.21399993e-02 -2.00100002e-01
  1.51600022e-02 -3.20620008e-01 -7.61999976e-02  6.70999993e-02
 -3.77799990e-02  1.18980001e-01  4.57999855e-03 -2.30759998e-01
 -3.68719992e-01 -5.38000014e-02 -2.37920002e-01 -4.16599974e-02
 -1.34639997e-01  3.37699989e-01 -1.14820003e-01 -2.73719993e-01
  1.91820001e-01  5.25919998e-01  1.44279996e-01  2.98799988e-02
  3.27999968e-02  4.01400037e-02 -1.23859997e-01  5.41999960e-02
  6.56399973e-02  1.07139998e-01  3.67639991e-01  4.21560003e-01
 -1.88220000e-01  3.43519992e-01 -5.39999735e-04 -1.79599999e-02
  1.44060002e-01 -2.31120003e-01  2.01360004e-01 -1.18000008e-02
 -9.22200020e-02  6.01000011e-02 -9.25799981e-02 -1.23600017e-02
 -1.73000002e-01  4.82599963e-02 -5.98799996e-02  8.87399934e-02
  6.59999764e-03  9.36000004e-02 -1.06640005e-01 -1.85419999e-01
  7.64000002e-02  3.03199991e-02 -2.43480003e-01  1.45519995e-01
  3.49320001e-01 -1.54099998e-01  2.48000012e-03 -8.97200003e-02
  3.44520000e-01 -1.81320000e-01  4.76399988e-02 -6.27799943e-02
  1.36060000e-01 -1.23179996e-01  2.03580000e-01  3.53799991e-01
  1.47580004e-01  2.45599943e-02 -1.05400009e-02 -2.49619995e-01
 -4.56000022e-02  1.38560002e-01  8.91599980e-02 -8.84999998e-02
  4.10599978e-02 -1.13080000e-01 -5.93000002e-02 -9.05600004e-02
 -1.75539996e-01 -6.98999973e-02 -6.74199976e-02  2.08460006e-01
  7.08799995e-02  1.09900000e-01  1.21739998e-01 -1.05420000e-01
  7.08200054e-02  1.12859993e-01  2.36900000e-01  8.07999959e-03
  1.35099998e-01  1.38019997e-01 -4.38000150e-03  1.32280000e-01
  2.85820002e-01 -1.43979998e-01  2.52720007e-01 -2.51139992e-01
 -1.91199992e-02 -2.53599983e-02 -3.85399953e-02 -1.23900003e-01
  2.73700000e-01  3.30999977e-02 -8.35000001e-02 -9.53000017e-02
  1.11839999e-01  1.40400032e-02  4.90800008e-02 -2.28520003e-01
  5.74400015e-02 -7.37999976e-03  8.98399981e-02 -2.15379998e-01
  4.35000009e-02 -1.86939999e-01 -4.00000028e-03  1.74559992e-01
 -2.11879997e-01 -1.45680004e-01 -4.40000203e-03  1.01500000e-01
 -1.01400007e-02  4.80400033e-02  1.61039999e-01 -9.62000303e-03
 -2.41059997e-01  1.66640000e-01  2.82460009e-01  6.96199987e-02
 -7.19999993e-02 -1.05884001e+00  1.20179999e-01 -1.29000002e-01
  1.43360001e-01 -9.76200007e-02 -1.11060005e-01  4.28799994e-02
 -1.71679998e-01 -3.69399996e-01  1.58360000e-01  6.20800015e-02
  1.19900001e-01 -1.85199996e-01 -1.33000001e-01 -2.03560002e-01
 -4.95499995e-01 -4.97799985e-02  5.96000180e-03  2.02340005e-01
 -5.24319996e-01 -2.41700007e-01 -6.52000345e-03 -6.45199977e-02
 -1.32179999e-01  2.07999989e-02  1.60260009e-01 -4.70219994e-01
  1.01600010e-02 -2.11479998e-01 -1.37139998e-01  7.16999993e-02
 -2.97260010e-01 -5.70199996e-02  7.78200001e-02 -6.83480011e-01
 -2.31899996e-01 -1.24320000e-01  6.49599999e-02  5.67419988e-01
  3.73999849e-03 -1.72920004e-01  2.37980006e-01  2.97419997e-01
  1.21340001e-01 -1.16280000e-01 -8.91399972e-02  2.18820000e-01
 -1.53220001e-01 -1.19599998e-02 -2.16259991e-01  1.53199974e-02
 -2.54079998e-01 -7.26199953e-02 -1.32800013e-02 -1.77600021e-02
 -1.35699997e-01  1.42160005e-01 -1.20600002e-01  2.32579997e-01
  7.55199999e-02 -2.81400025e-02 -2.36260000e-01  1.05040003e-01
  2.35999972e-03 -1.67379995e-01 -6.19599998e-02  4.59399960e-02
  1.30199984e-02 -1.61900001e-01  2.90900007e-01 -2.12479996e-01
 -2.04300001e-01  1.10379998e-01  2.59600002e-02 -2.33020002e-01
  1.62439996e-01  1.33999786e-03 -2.56640008e-01 -1.16780003e-01
 -2.76699990e-01  1.33600004e-02  3.00400019e-02 -5.96600026e-02]"
拾い,"[-0.1914  0.0864  0.3001  0.0345 -0.0188  0.0928 -0.0191  0.0864 -0.0985
  0.1439  0.253   0.1586  0.237  -0.0635  0.4561 -0.2087 -0.1838  0.1719
 -0.144  -0.1091  0.1059  0.1378  0.0394 -0.0396  0.1897  0.0274  0.1741
  0.2062 -0.1602 -0.0602  0.0058  0.1701  0.0268 -0.43   -0.0808 -0.1327
  0.0109  0.0767  0.3654 -0.012  -0.3104 -0.5789  0.0202 -0.26   -0.1234
 -0.4691 -0.1296  0.2044  0.1452  0.0282 -0.162   0.0697  0.1492  0.1154
  0.19   -0.1155  0.1793 -0.1678  0.26   -0.2424 -0.0915  0.0666 -0.1932
  0.3791  0.2606 -0.2206 -0.0325  0.013   0.1979 -0.1253 -0.0539  0.1299
  0.1155 -0.0403  0.2151 -0.5573  0.054   0.2614 -0.1328  0.1918  0.5028
  0.2971  0.0337 -0.2264 -0.2537  0.0174 -0.0271  0.0698  0.0858 -0.0187
 -0.0296  0.0749  0.0228  0.0767  0.2418 -0.0472 -0.078  -0.1194 -0.1147
  0.1867  0.0884  0.3573  0.2696 -0.0131  0.0906 -0.1888  0.5369 -0.2002
  0.3438  0.2824 -0.1913 -0.0467  0.0417 -0.0381 -0.3659 -0.3296 -0.0535
  0.4239 -0.1796 -0.0739 -0.1114  0.0172  0.2317 -0.0067 -0.0141  0.0854
 -0.0581  0.1301  0.071  -0.079  -0.0548 -0.2449  0.1187 -0.2471  0.3041
 -0.082   0.0775 -0.2208 -0.1267  0.2188 -0.0766  0.1918  0.0044  0.1834
  0.1753 -0.0108  0.2718 -0.2019  0.0975 -0.2905  0.2349  0.227  -0.0478
 -0.1173 -0.1386  0.0623 -0.2001 -0.1555  0.2196  0.1421 -0.1468 -0.1764
  0.1827 -0.6457  0.1856  0.1897  0.084   0.0031 -0.3112  0.0474  0.1514
 -0.0015  0.2814  0.3491  0.0769  0.2826  0.0665  0.3026  0.0992  0.2147
  0.1389 -0.0136  0.1208  0.1238  0.006  -0.1854 -0.3216 -0.0214  0.16
  0.3922 -0.1166  0.06    0.4475  0.1226 -0.295  -0.1646  0.0045  0.0905
 -0.1171  0.4342  0.022   0.0497  0.2024  0.5976  0.1209 -0.1453  0.3078
  0.0152  0.1195  0.1512 -0.3924  0.1273 -0.2824  0.1356 -0.3762 -0.0375
 -0.1039 -0.7532  0.0517 -0.0086 -0.0118 -0.0376  0.2611  0.3388 -0.1863
 -0.1971  0.2011 -0.1882  0.0536  0.0319  0.2287 -0.095  -0.5324  0.4869
 -0.1014 -0.0065 -0.4034 -0.1158  0.0844  0.1957 -0.0362  0.1184 -0.3078
 -0.1168  0.2868 -0.4584 -0.172   0.1013 -0.014   0.536  -0.1652 -0.4672
 -0.2081 -0.1405  0.114   0.4826  0.1371 -0.0835  0.201   0.1007  0.1065
  0.4622  0.0024  0.1449 -0.4919  0.1322  0.1134 -0.1246  0.0334  0.0532
 -0.1168  0.0093 -0.2126  0.3009 -0.0126 -0.2534  0.1319 -0.1312  0.2316
  0.2334  0.6893  0.0797  0.3326 -0.1681  0.4447 -0.1544 -0.2664  0.0942
  0.0053 -0.0839 -0.0375  0.1359  0.0737 -0.0902 -0.1403  0.0561  0.2033
  0.1736  0.142  -0.408 ]","[-1.88700004e-01  1.35100005e-01  7.21199994e-01  3.87466662e-01
 -1.26366665e-01 -8.33333594e-03  2.91999967e-02 -8.60333275e-02
 -3.15966666e-01  6.80533342e-01  4.92966663e-01  1.45133339e-01
  3.10900000e-01 -1.52000002e-01  2.82033319e-01 -2.42299999e-01
 -2.89666662e-01  1.69900005e-01 -5.33066665e-01 -1.89666669e-01
  1.85366670e-01  1.62866659e-01 -3.08900002e-01 -4.04333323e-02
  1.00666670e-01  5.14333282e-02  1.55233325e-01  3.84333338e-01
 -2.86266669e-01 -1.65333350e-02 -4.65333347e-02  3.40700007e-01
 -2.22666701e-02 -6.26066671e-01 -2.30699997e-01 -2.61666663e-02
  5.05033333e-01  1.81866663e-01  5.28133328e-01  1.98800003e-01
 -5.55966678e-01 -5.15699983e-01  1.19866669e-01 -2.69833328e-01
 -2.97633331e-01 -8.44700000e-01 -3.34399998e-01  1.87699996e-01
  2.75233333e-01  2.74233327e-01 -3.89066661e-01  4.43666670e-02
  6.48000023e-02  4.93766662e-01  1.72900004e-01 -1.44566669e-01
  3.48266664e-01 -2.63500004e-01  4.16966656e-01 -2.96033334e-01
 -2.93399996e-01 -4.86666697e-02 -2.98566675e-01  4.99466665e-01
  5.01866667e-01 -1.84999976e-02 -1.51199995e-01  7.11666682e-02
  3.27466666e-01 -1.23466670e-01 -2.01099996e-01  2.81366656e-01
  1.07600000e-01  2.85000001e-01  4.74666678e-01 -7.28066651e-01
 -1.56833329e-01 -1.01233323e-01 -3.74266675e-01  2.68200001e-01
  7.03566653e-01  6.44833347e-01 -6.54333315e-02  8.82333242e-02
 -3.10166661e-01  1.12666649e-02 -1.14333330e-01  5.42999978e-02
  1.52166669e-01  3.67999996e-02 -1.00066668e-01  1.04900000e-01
  2.33333434e-03  4.58900003e-01  3.88199997e-01 -1.53866669e-01
 -3.41233338e-01  2.04666667e-01 -8.48999961e-02  1.80066667e-01
  3.91800002e-01  7.71900001e-01  2.32666671e-01  3.10333379e-02
  7.96666642e-02  4.31133333e-01  6.55866665e-01 -4.63600003e-01
  1.37700001e-01  2.73500010e-01 -4.85133346e-01 -3.39000026e-02
  2.36599990e-01  1.18766668e-01 -1.41866672e-01 -2.48066672e-01
 -1.03699997e-01  4.53666673e-01 -2.70166664e-01 -2.03666669e-01
 -6.87666664e-02  1.09666668e-01  2.47066671e-01 -1.12699997e-01
  1.64333318e-02  1.56333397e-02 -3.60666672e-02  2.23899999e-01
 -3.96333355e-02 -5.70000003e-02 -1.47633333e-01 -4.18400000e-01
  5.24766649e-01 -4.64766654e-01  4.04833349e-01 -3.55433330e-01
  3.93966659e-01 -1.44833334e-01 -1.33266663e-01  4.21433322e-01
  7.37666646e-02  1.38666555e-02  1.14366665e-01  3.64733336e-01
  6.54133337e-01 -9.53999991e-02  5.36666670e-01 -2.44033333e-01
 -4.10000002e-02 -2.86733321e-01  4.97666661e-01  2.79766662e-01
  1.03966662e-01  8.27000073e-02  1.65533334e-01 -1.35633332e-01
 -1.67200004e-01  4.96000089e-02  8.89666668e-02  2.20100000e-01
 -8.09999315e-03 -3.48333334e-01  2.39466663e-01 -7.78566654e-01
  2.03933330e-01 -1.48499994e-01 -2.00166672e-01 -3.06000028e-02
 -4.75166660e-01  2.14899998e-01  2.68566667e-01 -5.68666674e-02
  3.52266668e-01  6.51766663e-01  5.46999989e-02  2.32433322e-01
  1.51633329e-01  2.92166672e-01  9.15999996e-02  6.79533344e-01
  3.55233332e-01  2.27433326e-01 -5.58999901e-02  7.00666678e-02
  4.40666794e-02 -3.14233326e-01 -2.70333326e-01  4.06966669e-01
  3.09566666e-01  3.20000000e-01 -1.95200000e-01 -7.89000044e-02
  8.65933328e-01  1.25000001e-01  1.31766675e-01 -4.45500006e-01
  2.00899997e-01  9.34333286e-02  1.88366673e-01  1.33799991e-01
  2.15000005e-01  3.03699990e-01  3.19099999e-01  5.88099990e-01
 -2.43666680e-02 -4.99500003e-01  2.15233330e-01 -1.54799998e-01
  1.60799998e-01  1.91966660e-01 -6.01899996e-01  5.23633336e-01
 -1.89133347e-01  2.65399999e-01 -4.50566666e-01  9.67333273e-02
  2.41766666e-01 -2.38813332e+00  1.28333335e-01 -4.13766668e-01
 -2.48333349e-02 -4.12266665e-01  3.66333325e-01  4.90733346e-01
 -3.23133332e-01 -4.04966665e-01  1.93100006e-01 -5.02500002e-01
  2.44266665e-01  3.57999979e-02  7.44999970e-02 -1.19733332e-01
 -1.39146667e+00  4.57833337e-01  3.03666632e-02 -2.96666716e-02
 -1.17993333e+00 -1.32700005e-01  3.90400002e-01  1.46133337e-01
 -6.16000042e-02  2.73033338e-01 -2.24300001e-01 -5.14133342e-01
  8.08133346e-01 -8.91433348e-01 -2.60833335e-01  2.58400000e-01
 -4.77333366e-02  2.57466681e-01 -3.73933336e-01 -1.29836666e+00
 -5.59500007e-01 -7.27999943e-02  4.94966671e-01  4.88266675e-01
  2.18833328e-01 -4.03333339e-01  5.00199991e-01  2.77133332e-01
  3.11999995e-02  9.84333285e-02  1.25466666e-01  4.71899990e-01
 -7.84799996e-01 -2.07233340e-01  5.80000256e-03 -1.23800003e-01
 -1.41433329e-01 -1.04266666e-01  2.44333332e-01 -2.90000190e-03
 -1.13899994e-01  3.30700006e-01  6.40333335e-02 -2.44399997e-01
  3.22166662e-01 -8.55000007e-02  1.76366666e-01  1.25966668e-01
  5.29233338e-01  2.74933337e-01  3.49599994e-01 -1.87333331e-01
  4.33066673e-01 -3.72799998e-01 -1.80366674e-01 -1.82999990e-01
 -1.79933335e-01  2.97333354e-02 -1.73033338e-01  6.13333366e-02
  1.25600003e-01  1.53433332e-01 -2.70900002e-01  1.17999998e-01
 -6.00666720e-02  1.40900002e-01 -3.26666577e-03 -6.54733328e-01]"
